4 0.7824519230769231 0.2980769230769231 0.06971153846153846 0.15865384615384615
1 0.7908653846153846 0.36899038461538464 0.07572115384615384 0.18269230769230768
0 0.8112980769230769 0.49158653846153844 0.06009615384615385 0.13221153846153846
0 0.7560096153846154 0.21153846153846154 0.051682692307692304 0.12379807692307693
2 0.7439903846153846 0.13581730769230768 0.056490384615384616 0.1141826923076923
2 0.8269230769230769 0.6081730769230769 0.0733173076923077 0.11778846153846154
5 0.8425480769230769 0.734375 0.07091346153846154 0.12740384615384615
5 0.7415865384615384 0.06490384615384616 0.04927884615384615 0.10216346153846154
3 0.6610576923076923 0.06610576923076923 0.039663461538461536 0.09375
3 0.6658653846153846 0.14543269230769232 0.038461538461538464 0.09134615384615384
3 0.6778846153846154 0.22716346153846154 0.042067307692307696 0.09375
3 0.6862980769230769 0.30649038461538464 0.040865384615384616 0.09495192307692307
3 0.6983173076923077 0.4014423076923077 0.046875 0.09615384615384616
3 0.7091346153846154 0.5084134615384616 0.051682692307692304 0.10216346153846154
3 0.7247596153846154 0.6165865384615384 0.04807692307692308 0.10817307692307693
3 0.7403846153846154 0.7379807692307693 0.051682692307692304 0.10576923076923077
10 0.18870192307692307 0.27884615384615385 0.05889423076923077 0.16706730769230768
7 0.17668269230769232 0.3641826923076923 0.06610576923076923 0.19110576923076922
6 0.19471153846153846 0.20192307692307693 0.04807692307692308 0.13221153846153846
6 0.1622596153846154 0.4879807692307692 0.054086538461538464 0.12860576923076922
8 0.21033653846153846 0.125 0.051682692307692304 0.12379807692307693
8 0.16947115384615385 0.6021634615384616 0.06129807692307692 0.13822115384615385
11 0.14182692307692307 0.7475961538461539 0.0673076923076923 0.13221153846153846
11 0.21033653846153846 0.051682692307692304 0.04567307692307692 0.10336538461538461
9 0.2860576923076923 0.13942307692307693 0.04326923076923077 0.09495192307692307
9 0.28725961538461536 0.05889423076923077 0.039663461538461536 0.09495192307692307
9 0.28365384615384615 0.22235576923076922 0.040865384615384616 0.09495192307692307
9 0.2776442307692308 0.31009615384615385 0.04326923076923077 0.09975961538461539
9 0.2776442307692308 0.40865384615384615 0.04567307692307692 0.09735576923076923
9 0.2668269230769231 0.5132211538461539 0.04567307692307692 0.09495192307692307
9 0.265625 0.6129807692307693 0.04927884615384615 0.10216346153846154
9 0.25240384615384615 0.7355769230769231 0.06129807692307692 0.109375