4 0.21754807692307693 0.2980769230769231 0.06971153846153846 0.15865384615384615
1 0.2091346153846154 0.36899038461538464 0.07572115384615384 0.18269230769230768
0 0.18870192307692307 0.49158653846153844 0.06009615384615385 0.13221153846153846
0 0.2439903846153846 0.21153846153846154 0.051682692307692304 0.12379807692307693
2 0.25600961538461536 0.13581730769230768 0.056490384615384616 0.1141826923076923
2 0.17307692307692307 0.6081730769230769 0.0733173076923077 0.11778846153846154
5 0.15745192307692307 0.734375 0.07091346153846154 0.12740384615384615
5 0.25841346153846156 0.06490384615384616 0.04927884615384615 0.10216346153846154
3 0.3389423076923077 0.06610576923076923 0.039663461538461536 0.09375
3 0.33413461538461536 0.14543269230769232 0.038461538461538464 0.09134615384615384
3 0.32211538461538464 0.22716346153846154 0.042067307692307696 0.09375
3 0.3137019230769231 0.30649038461538464 0.040865384615384616 0.09495192307692307
3 0.3016826923076923 0.4014423076923077 0.046875 0.09615384615384616
3 0.29086538461538464 0.5084134615384616 0.051682692307692304 0.10216346153846154
3 0.27524038461538464 0.6165865384615384 0.04807692307692308 0.10817307692307693
3 0.25961538461538464 0.7379807692307693 0.051682692307692304 0.10576923076923077
10 0.8112980769230769 0.27884615384615385 0.05889423076923077 0.16706730769230768
7 0.8233173076923077 0.3641826923076923 0.06610576923076923 0.19110576923076922
6 0.8052884615384616 0.20192307692307693 0.04807692307692308 0.13221153846153846
6 0.8377403846153846 0.4879807692307692 0.054086538461538464 0.12860576923076922
8 0.7896634615384616 0.125 0.051682692307692304 0.12379807692307693
8 0.8305288461538461 0.6021634615384616 0.06129807692307692 0.13822115384615385
11 0.8581730769230769 0.7475961538461539 0.0673076923076923 0.13221153846153846
11 0.7896634615384616 0.051682692307692304 0.04567307692307692 0.10336538461538461
9 0.7139423076923077 0.13942307692307693 0.04326923076923077 0.09495192307692307
9 0.7127403846153846 0.05889423076923077 0.039663461538461536 0.09495192307692307
9 0.7163461538461539 0.22235576923076922 0.040865384615384616 0.09495192307692307
9 0.7223557692307693 0.31009615384615385 0.04326923076923077 0.09975961538461539
9 0.7223557692307693 0.40865384615384615 0.04567307692307692 0.09735576923076923
9 0.7331730769230769 0.5132211538461539 0.04567307692307692 0.09495192307692307
9 0.734375 0.6129807692307693 0.04927884615384615 0.10216346153846154
9 0.7475961538461539 0.7355769230769231 0.06129807692307692 0.109375