9 0.2764423076923077 0.16706730769230768 0.057692307692307696 0.109375
6 0.44471153846153844 0.43149038461538464 0.06009615384615385 0.13942307692307693
7 0.1658653846153846 0.30649038461538464 0.07692307692307693 0.20552884615384615
10 0.3473557692307692 0.1502403846153846 0.0625 0.17908653846153846
11 0.4362980769230769 0.34134615384615385 0.06009615384615385 0.12860576923076922
8 0.4519230769230769 0.6490384615384616 0.0673076923076923 0.15625
9 0.25841346153846156 0.33653846153846156 0.056490384615384616 0.11778846153846154
9 0.3545673076923077 0.5600961538461539 0.05889423076923077 0.12259615384615384
5 0.2704326923076923 0.06971153846153846 0.057692307692307696 0.12740384615384615
2 0.24519230769230768 0.6454326923076923 0.06850961538461539 0.15865384615384615
1 0.7704326923076923 0.3004807692307692 0.0889423076923077 0.20552884615384615
3 0.5420673076923077 0.6646634615384616 0.056490384615384616 0.1201923076923077
3 0.5901442307692307 0.35096153846153844 0.04927884615384615 0.1141826923076923
3 0.6069711538461539 0.5396634615384616 0.056490384615384616 0.125