9 0.7235576923076923 0.16706730769230768 0.057692307692307696 0.109375
6 0.5552884615384616 0.43149038461538464 0.06009615384615385 0.13942307692307693
7 0.8341346153846154 0.30649038461538464 0.07692307692307693 0.20552884615384615
10 0.6526442307692307 0.1502403846153846 0.0625 0.17908653846153846
11 0.5637019230769231 0.34134615384615385 0.06009615384615385 0.12860576923076922
8 0.5480769230769231 0.6490384615384616 0.0673076923076923 0.15625
9 0.7415865384615384 0.33653846153846156 0.056490384615384616 0.11778846153846154
9 0.6454326923076923 0.5600961538461539 0.05889423076923077 0.12259615384615384
5 0.7295673076923077 0.06971153846153846 0.057692307692307696 0.12740384615384615
2 0.7548076923076923 0.6454326923076923 0.06850961538461539 0.15865384615384615
1 0.22956730769230768 0.3004807692307692 0.0889423076923077 0.20552884615384615
3 0.4579326923076923 0.6646634615384616 0.056490384615384616 0.1201923076923077
3 0.4098557692307692 0.35096153846153844 0.04927884615384615 0.1141826923076923
3 0.39302884615384615 0.5396634615384616 0.056490384615384616 0.125