6 0.5588942307692307 0.43149038461538464 0.06129807692307692 0.1466346153846154
11 0.5637019230769231 0.33774038461538464 0.06610576923076923 0.13581730769230768
10 0.6526442307692307 0.1466346153846154 0.0673076923076923 0.18028846153846154
8 0.5444711538461539 0.6478365384615384 0.07572115384615384 0.1466346153846154
9 0.6430288461538461 0.5612980769230769 0.055288461538461536 0.12860576923076922
9 0.7223557692307693 0.16947115384615385 0.04927884615384615 0.10576923076923077
9 0.7415865384615384 0.33653846153846156 0.06129807692307692 0.1141826923076923
7 0.8365384615384616 0.30408653846153844 0.08052884615384616 0.21153846153846154
5 0.7271634615384616 0.06971153846153846 0.057692307692307696 0.12980769230769232
2 0.7632211538461539 0.640625 0.0829326923076923 0.1622596153846154
1 0.22956730769230768 0.3004807692307692 0.08413461538461539 0.20072115384615385
3 0.4110576923076923 0.34615384615384615 0.052884615384615384 0.11177884615384616
3 0.5709134615384616 0.5372596153846154 0.055288461538461536 0.11658653846153846
3 0.4579326923076923 0.6658653846153846 0.057692307692307696 0.1141826923076923