1 0.6923076923076923 0.3112980769230769 0.08653846153846154 0.20673076923076922
10 0.7379807692307693 0.13822115384615385 0.07932692307692307 0.17307692307692307
6 0.44350961538461536 0.43509615384615385 0.06129807692307692 0.1502403846153846
11 0.4375 0.3401442307692308 0.06971153846153846 0.13701923076923078
5 0.27163461538461536 0.06971153846153846 0.056490384615384616 0.12980769230769232
7 0.1658653846153846 0.30528846153846156 0.08413461538461539 0.2127403846153846
9 0.2764423076923077 0.16346153846153846 0.05889423076923077 0.11298076923076923
9 0.3557692307692308 0.5600961538461539 0.06129807692307692 0.1141826923076923
9 0.25841346153846156 0.33653846153846156 0.055288461538461536 0.11899038461538461
3 0.3473557692307692 0.43990384615384615 0.056490384615384616 0.11298076923076923
3 0.5913461538461539 0.34375 0.056490384615384616 0.1141826923076923
3 0.5432692307692307 0.6658653846153846 0.054086538461538464 0.11778846153846154