3 0.15144230769230768 0.21153846153846154 0.078125 0.1045673076923077
3 0.2439903846153846 0.21153846153846154 0.07692307692307693 0.09134615384615384
3 0.33653846153846156 0.2127403846153846 0.07091346153846154 0.0889423076923077
5 0.6069711538461539 0.10096153846153846 0.08052884615384616 0.09615384615384616
1 0.4266826923076923 0.32211538461538464 0.08052884615384616 0.10817307692307693
0 0.5180288461538461 0.32211538461538464 0.08052884615384616 0.10817307692307693
0 0.5192307692307693 0.4338942307692308 0.07932692307692307 0.10216346153846154
3 0.42788461538461536 0.43509615384615385 0.0673076923076923 0.09495192307692307
11 0.7043269230769231 0.31971153846153844 0.07211538461538461 0.1045673076923077
9 0.7956730769230769 0.21153846153846154 0.06850961538461539 0.1045673076923077
9 0.7956730769230769 0.7692307692307693 0.0733173076923077 0.09615384615384616
9 0.33533653846153844 0.65625 0.06490384615384616 0.10576923076923077
9 0.15144230769230768 0.7680288461538461 0.06490384615384616 0.10336538461538461
6 0.42788461538461536 0.6550480769230769 0.07572115384615384 0.10697115384615384
11 0.5180288461538461 0.8798076923076923 0.07692307692307693 0.10216346153846154
7 0.703125 0.8798076923076923 0.08653846153846154 0.10216346153846154