1 0.23076923076923078 0.3016826923076923 0.08413461538461539 0.20192307692307693
11 0.5661057692307693 0.33774038461538464 0.06490384615384616 0.13701923076923078
8 0.6478365384615384 0.4254807692307692 0.06490384615384616 0.14783653846153846
6 0.5576923076923077 0.43149038461538464 0.05889423076923077 0.15625
10 0.6526442307692307 0.14543269230769232 0.0673076923076923 0.1778846153846154
7 0.8329326923076923 0.30288461538461536 0.07932692307692307 0.21394230769230768
9 0.7259615384615384 0.16826923076923078 0.057692307692307696 0.10576923076923077
9 0.7403846153846154 0.3389423076923077 0.055288461538461536 0.1141826923076923
9 0.6454326923076923 0.5612980769230769 0.056490384615384616 0.1201923076923077
5 0.7283653846153846 0.07091346153846154 0.0625 0.13221153846153846
3 0.40865384615384615 0.34615384615384615 0.052884615384615384 0.11778846153846154
3 0.5709134615384616 0.5420673076923077 0.057692307692307696 0.109375
3 0.4567307692307692 0.6658653846153846 0.06009615384615385 0.11899038461538461