4 0.7824519230769231 0.2956730769230769 0.0673076923076923 0.15384615384615385
1 0.7884615384615384 0.36899038461538464 0.06971153846153846 0.18629807692307693
0 0.7091346153846154 0.6153846153846154 0.054086538461538464 0.13822115384615385
0 0.7512019230769231 0.21033653846153846 0.05048076923076923 0.1346153846153846
11 0.8377403846153846 0.7331730769230769 0.07211538461538461 0.13822115384615385
11 0.7403846153846154 0.06850961538461539 0.04807692307692308 0.11658653846153846
2 0.4411057692307692 0.3942307692307692 0.056490384615384616 0.12980769230769232
2 0.5913461538461539 0.1310096153846154 0.046875 0.1310096153846154
3 0.6646634615384616 0.1466346153846154 0.039663461538461536 0.08413461538461539
3 0.6574519230769231 0.06009615384615385 0.042067307692307696 0.09615384615384616
3 0.7091346153846154 0.5084134615384616 0.046875 0.0985576923076923
3 0.6971153846153846 0.4026442307692308 0.046875 0.10096153846153846
3 0.6742788461538461 0.22596153846153846 0.042067307692307696 0.10096153846153846
3 0.515625 0.3016826923076923 0.039663461538461536 0.1045673076923077
3 0.6153846153846154 0.6165865384615384 0.04927884615384615 0.10817307692307693
3 0.6442307692307693 0.7391826923076923 0.052884615384615384 0.1141826923076923
11 0.20673076923076922 0.052884615384615384 0.052884615384615384 0.10576923076923077
11 0.2536057692307692 0.7415865384615384 0.06610576923076923 0.13221153846153846
7 0.171875 0.3629807692307692 0.0733173076923077 0.19591346153846154
10 0.18509615384615385 0.2776442307692308 0.07211538461538461 0.16706730769230768
6 0.15985576923076922 0.4891826923076923 0.06129807692307692 0.13822115384615385
6 0.36177884615384615 0.054086538461538464 0.05048076923076923 0.10817307692307693
8 0.3641826923076923 0.1971153846153846 0.055288461538461536 0.13341346153846154
8 0.16826923076923078 0.6009615384615384 0.07091346153846154 0.13822115384615385
9 0.4483173076923077 0.7355769230769231 0.052884615384615384 0.10697115384615384
9 0.2644230769230769 0.5096153846153846 0.046875 0.0985576923076923
9 0.26322115384615385 0.6141826923076923 0.056490384615384616 0.10576923076923077
9 0.27524038461538464 0.4098557692307692 0.046875 0.10336538461538461
9 0.4375 0.3016826923076923 0.04326923076923077 0.09735576923076923
9 0.42908653846153844 0.14182692307692307 0.04326923076923077 0.09375
9 0.28125 0.22115384615384615 0.04326923076923077 0.10216346153846154
9 0.2848557692307692 0.06009615384615385 0.04447115384615385 0.10216346153846154