7 0.8004807692307693 0.9122596153846154 0.109375 0.11057692307692307
1 0.5600961538461539 0.09254807692307693 0.1141826923076923 0.11899038461538461
4 0.4423076923076923 0.08653846153846154 0.11658653846153846 0.12139423076923077
5 0.08774038461538461 0.0829326923076923 0.09975961538461539 0.1141826923076923
5 0.9182692307692307 0.0889423076923077 0.09735576923076923 0.12139423076923077
3 0.6814903846153846 0.20552884615384615 0.08533653846153846 0.12259615384615384
3 0.8004807692307693 0.203125 0.08653846153846154 0.1141826923076923
3 0.9158653846153846 0.20552884615384615 0.0829326923076923 0.1141826923076923
3 0.5637019230769231 0.4411057692307692 0.09134615384615384 0.11298076923076923
3 0.44591346153846156 0.3233173076923077 0.09495192307692307 0.1141826923076923
3 0.3269230769230769 0.20432692307692307 0.0889423076923077 0.11177884615384616
3 0.20673076923076922 0.20673076923076922 0.09495192307692307 0.10697115384615384
3 0.09134615384615384 0.20673076923076922 0.09495192307692307 0.10697115384615384
2 0.3245192307692308 0.3233173076923077 0.10336538461538461 0.11658653846153846
2 0.9170673076923077 0.43990384615384615 0.10817307692307693 0.109375
0 0.3245192307692308 0.4423076923076923 0.0985576923076923 0.11538461538461539
6 0.3233173076923077 0.5576923076923077 0.1045673076923077 0.1201923076923077
9 0.5649038461538461 0.5600961538461539 0.08533653846153846 0.109375
9 0.9194711538461539 0.6826923076923077 0.08533653846153846 0.10817307692307693
9 0.7944711538461539 0.796875 0.08653846153846154 0.10576923076923077
9 0.6814903846153846 0.8004807692307693 0.07692307692307693 0.10096153846153846
9 0.4411057692307692 0.796875 0.07692307692307693 0.10576923076923077
9 0.3245192307692308 0.7944711538461539 0.08052884615384616 0.11177884615384616
9 0.20432692307692307 0.7944711538461539 0.078125 0.11057692307692307
9 0.08653846153846154 0.6754807692307693 0.07451923076923077 0.1045673076923077
11 0.08533653846153846 0.9098557692307693 0.0889423076923077 0.109375
11 0.6826923076923077 0.9098557692307693 0.10216346153846154 0.11177884615384616
10 0.5612980769230769 0.7944711538461539 0.125 0.1141826923076923
6 0.32572115384615385 0.9110576923076923 0.11538461538461539 0.109375
8 0.203125 0.9134615384615384 0.10697115384615384 0.10817307692307693