5 0.14903846153846154 0.7836538461538461 0.07211538461538461 0.13221153846153846
5 0.2668269230769231 0.08173076923076923 0.052884615384615384 0.10817307692307693
4 0.29447115384615385 0.41346153846153844 0.06370192307692307 0.16947115384615385
1 0.2283653846153846 0.29927884615384615 0.078125 0.1935096153846154
2 0.18389423076923078 0.5432692307692307 0.06971153846153846 0.1310096153846154
2 0.39302884615384615 0.34134615384615385 0.05889423076923077 0.13341346153846154
0 0.25841346153846156 0.15745192307692307 0.055288461538461536 0.1346153846153846
0 0.4795673076923077 0.3317307692307692 0.046875 0.13581730769230768
3 0.25600961538461536 0.7860576923076923 0.057692307692307696 0.11298076923076923
3 0.3173076923076923 0.34375 0.04447115384615385 0.10336538461538461
3 0.42427884615384615 0.17668269230769232 0.04447115384615385 0.10817307692307693
3 0.49278846153846156 0.0889423076923077 0.042067307692307696 0.10096153846153846
3 0.48677884615384615 0.26322115384615385 0.042067307692307696 0.10336538461538461
3 0.4675480769230769 0.44711538461538464 0.04567307692307692 0.1045673076923077
3 0.40024038461538464 0.5456730769230769 0.046875 0.11177884615384616
3 0.4567307692307692 0.6682692307692307 0.051682692307692304 0.1201923076923077
7 0.8353365384615384 0.4050480769230769 0.07451923076923077 0.1935096153846154
8 0.6478365384615384 0.3317307692307692 0.057692307692307696 0.13581730769230768
8 0.8389423076923077 0.546875 0.06850961538461539 0.13221153846153846
11 0.6514423076923077 0.7788461538461539 0.06610576923076923 0.13942307692307693
11 0.8004807692307693 0.09014423076923077 0.05048076923076923 0.1201923076923077
6 0.8137019230769231 0.15264423076923078 0.054086538461538464 0.14302884615384615
6 0.8545673076923077 0.6658653846153846 0.06129807692307692 0.140625
10 0.7247596153846154 0.22115384615384615 0.0673076923076923 0.16466346153846154
9 0.7259615384615384 0.16826923076923078 0.040865384615384616 0.1045673076923077
9 0.7379807692307693 0.33774038461538464 0.04326923076923077 0.10216346153846154
9 0.5853365384615384 0.08533653846153846 0.04326923076923077 0.1045673076923077
9 0.5829326923076923 0.24639423076923078 0.046875 0.10697115384615384
9 0.7391826923076923 0.4387019230769231 0.04927884615384615 0.10336538461538461
9 0.7524038461538461 0.6694711538461539 0.052884615384615384 0.10817307692307693
9 0.5516826923076923 0.7896634615384616 0.054086538461538464 0.11538461538461539
9 0.5697115384615384 0.5600961538461539 0.04927884615384615 0.11057692307692307