5 0.8509615384615384 0.7836538461538461 0.07211538461538461 0.13221153846153846
5 0.7331730769230769 0.08173076923076923 0.052884615384615384 0.10817307692307693
4 0.7055288461538461 0.41346153846153844 0.06370192307692307 0.16947115384615385
1 0.7716346153846154 0.29927884615384615 0.078125 0.1935096153846154
2 0.8161057692307693 0.5432692307692307 0.06971153846153846 0.1310096153846154
2 0.6069711538461539 0.34134615384615385 0.05889423076923077 0.13341346153846154
0 0.7415865384615384 0.15745192307692307 0.055288461538461536 0.1346153846153846
0 0.5204326923076923 0.3317307692307692 0.046875 0.13581730769230768
3 0.7439903846153846 0.7860576923076923 0.057692307692307696 0.11298076923076923
3 0.6826923076923077 0.34375 0.04447115384615385 0.10336538461538461
3 0.5757211538461539 0.17668269230769232 0.04447115384615385 0.10817307692307693
3 0.5072115384615384 0.0889423076923077 0.042067307692307696 0.10096153846153846
3 0.5132211538461539 0.26322115384615385 0.042067307692307696 0.10336538461538461
3 0.5324519230769231 0.44711538461538464 0.04567307692307692 0.1045673076923077
3 0.5997596153846154 0.5456730769230769 0.046875 0.11177884615384616
3 0.5432692307692307 0.6682692307692307 0.051682692307692304 0.1201923076923077
7 0.16466346153846154 0.4050480769230769 0.07451923076923077 0.1935096153846154
8 0.35216346153846156 0.3317307692307692 0.057692307692307696 0.13581730769230768
8 0.16105769230769232 0.546875 0.06850961538461539 0.13221153846153846
11 0.3485576923076923 0.7788461538461539 0.06610576923076923 0.13942307692307693
11 0.19951923076923078 0.09014423076923077 0.05048076923076923 0.1201923076923077
6 0.18629807692307693 0.15264423076923078 0.054086538461538464 0.14302884615384615
6 0.14543269230769232 0.6658653846153846 0.06129807692307692 0.140625
10 0.27524038461538464 0.22115384615384615 0.0673076923076923 0.16466346153846154
9 0.27403846153846156 0.16826923076923078 0.040865384615384616 0.1045673076923077
9 0.2620192307692308 0.33774038461538464 0.04326923076923077 0.10216346153846154
9 0.41466346153846156 0.08533653846153846 0.04326923076923077 0.1045673076923077
9 0.4170673076923077 0.24639423076923078 0.046875 0.10697115384615384
9 0.2608173076923077 0.4387019230769231 0.04927884615384615 0.10336538461538461
9 0.24759615384615385 0.6694711538461539 0.052884615384615384 0.10817307692307693
9 0.4483173076923077 0.7896634615384616 0.054086538461538464 0.11538461538461539
9 0.43028846153846156 0.5600961538461539 0.04927884615384615 0.11057692307692307