5 0.1141826923076923 0.08533653846153846 0.09375 0.109375
3 0.23197115384615385 0.08413461538461539 0.08052884615384616 0.09375
3 0.2247596153846154 0.1814903846153846 0.07091346153846154 0.08533653846153846
3 0.22355769230769232 0.27403846153846156 0.06850961538461539 0.08173076923076923
3 0.21153846153846154 0.3858173076923077 0.07211538461538461 0.07211538461538461
3 0.21514423076923078 0.484375 0.07091346153846154 0.07451923076923077
3 0.20793269230769232 0.6069711538461539 0.07572115384615384 0.06971153846153846
3 0.19230769230769232 0.7247596153846154 0.078125 0.07091346153846154
3 0.19110576923076922 0.8521634615384616 0.07692307692307693 0.07572115384615384
5 0.05048076923076923 0.8557692307692307 0.10096153846153846 0.0829326923076923
2 0.11658653846153846 0.16826923076923078 0.09134615384615384 0.11298076923076923
2 0.055288461538461536 0.7247596153846154 0.11057692307692307 0.09375
0 0.07572115384615384 0.5997596153846154 0.11298076923076923 0.08774038461538461
0 0.09735576923076923 0.2692307692307692 0.09615384615384616 0.09975961538461539
1 0.07932692307692307 0.36899038461538464 0.13221153846153846 0.12980769230769232
4 0.07692307692307693 0.4807692307692308 0.13581730769230768 0.109375
9 0.7415865384615384 0.08774038461538461 0.06971153846153846 0.09254807692307693
9 0.7512019230769231 0.17908653846153846 0.06610576923076923 0.08653846153846154
9 0.7644230769230769 0.2848557692307692 0.06850961538461539 0.08413461538461539
9 0.7644230769230769 0.3858173076923077 0.06610576923076923 0.07692307692307693
9 0.7728365384615384 0.4951923076923077 0.0733173076923077 0.06850961538461539
9 0.7776442307692307 0.609375 0.07451923076923077 0.06971153846153846
9 0.7920673076923077 0.7295673076923077 0.07572115384615384 0.06610576923076923
9 0.7956730769230769 0.8605769230769231 0.08052884615384616 0.07692307692307693
11 0.9314903846153846 0.8497596153846154 0.1141826923076923 0.0889423076923077
11 0.8569711538461539 0.07572115384615384 0.09014423076923077 0.10576923076923077
6 0.8641826923076923 0.17307692307692307 0.09615384615384616 0.109375
6 0.9170673076923077 0.6129807692307693 0.10576923076923077 0.0829326923076923
8 0.875 0.2692307692307692 0.09735576923076923 0.10817307692307693
8 0.921875 0.7271634615384616 0.1045673076923077 0.08052884615384616
7 0.8858173076923077 0.36899038461538464 0.13341346153846154 0.12259615384615384
10 0.8942307692307693 0.4831730769230769 0.13942307692307693 0.11298076923076923