11 0.8569711538461539 0.17548076923076922 0.08533653846153846 0.09375
11 0.17908653846153846 0.2644230769230769 0.07692307692307693 0.09014423076923077
10 0.6646634615384616 0.1622596153846154 0.08653846153846154 0.12740384615384615
7 0.4795673076923077 0.23557692307692307 0.07692307692307693 0.12740384615384615
6 0.38100961538461536 0.3401442307692308 0.06370192307692307 0.0889423076923077
6 0.2620192307692308 0.44711538461538464 0.0733173076923077 0.08173076923076923
8 0.7824519230769231 0.3557692307692308 0.08774038461538461 0.09014423076923077
8 0.5721153846153846 0.5288461538461539 0.0733173076923077 0.08653846153846154
2 0.8894230769230769 0.5528846153846154 0.10576923076923077 0.07451923076923077
2 0.26322115384615385 0.6370192307692307 0.08052884615384616 0.08413461538461539
4 0.3737980769230769 0.5456730769230769 0.08653846153846154 0.0985576923076923
1 0.5769230769230769 0.8689903846153846 0.09134615384615384 0.09975961538461539
0 0.6947115384615384 0.6490384615384616 0.08413461538461539 0.08173076923076923
0 0.3605769230769231 0.8605769230769231 0.0673076923076923 0.07932692307692307
5 0.12620192307692307 0.7391826923076923 0.09014423076923077 0.08052884615384616
5 0.9146634615384616 0.8774038461538461 0.10697115384615384 0.08052884615384616