11 0.8028846153846154 0.8822115384615384 0.08533653846153846 0.09375
11 0.6237980769230769 0.1201923076923077 0.07692307692307693 0.10216346153846154
10 0.7776442307692307 0.625 0.08052884615384616 0.08774038461538461
7 0.6574519230769231 0.41225961538461536 0.09975961538461539 0.10576923076923077
6 0.5492788461538461 0.3317307692307692 0.07692307692307693 0.09014423076923077
6 0.43990384615384615 0.24158653846153846 0.08052884615384616 0.09134615384615384
8 0.5492788461538461 0.7620192307692307 0.08653846153846154 0.08413461538461539
8 0.36177884615384615 0.5456730769230769 0.09975961538461539 0.07692307692307693
1 0.0889423076923077 0.5588942307692307 0.14903846153846154 0.07932692307692307
4 0.34134615384615385 0.35336538461538464 0.1141826923076923 0.11057692307692307
2 0.2764423076923077 0.2800480769230769 0.0985576923076923 0.08774038461538461
2 0.34615384615384615 0.8533653846153846 0.10336538461538461 0.09014423076923077
0 0.25841346153846156 0.6598557692307693 0.10697115384615384 0.06971153846153846
0 0.11899038461538461 0.38822115384615385 0.10336538461538461 0.06971153846153846
5 0.2127403846153846 0.20552884615384615 0.07932692307692307 0.08413461538461539
5 0.08052884615384616 0.84375 0.10336538461538461 0.08173076923076923