3 0.265625 0.2704326923076923 0.078125 0.07211538461538461
3 0.46274038461538464 0.34134615384615385 0.07091346153846154 0.07572115384615384
3 0.5829326923076923 0.42908653846153844 0.07451923076923077 0.06971153846153846
6 0.6862980769230769 0.17908653846153846 0.0889423076923077 0.10336538461538461
4 0.6742788461538461 0.2824519230769231 0.10576923076923077 0.11899038461538461
2 0.36778846153846156 0.3449519230769231 0.09495192307692307 0.09254807692307693
0 0.2644230769230769 0.46634615384615385 0.10697115384615384 0.07572115384615384
1 0.2548076923076923 0.5733173076923077 0.14903846153846154 0.08173076923076923
11 0.46634615384615385 0.4483173076923077 0.09375 0.08413461538461539
9 0.5913461538461539 0.5432692307692307 0.08173076923076923 0.07572115384615384
9 0.5997596153846154 0.6742788461538461 0.0733173076923077 0.07572115384615384
9 0.7295673076923077 0.7632211538461539 0.0733173076923077 0.07091346153846154
7 0.7139423076923077 0.6514423076923077 0.09615384615384616 0.09615384615384616
10 0.1622596153846154 0.7956730769230769 0.15865384615384615 0.09375
8 0.37740384615384615 0.7788461538461539 0.12620192307692307 0.08774038461538461
5 0.6141826923076923 0.9206730769230769 0.0985576923076923 0.09615384615384616