11 0.14302884615384615 0.17548076923076922 0.08533653846153846 0.09375
11 0.8209134615384616 0.2644230769230769 0.07692307692307693 0.09014423076923077
10 0.33533653846153844 0.1622596153846154 0.08653846153846154 0.12740384615384615
7 0.5204326923076923 0.23557692307692307 0.07692307692307693 0.12740384615384615
6 0.6189903846153846 0.3401442307692308 0.06370192307692307 0.0889423076923077
6 0.7379807692307693 0.44711538461538464 0.0733173076923077 0.08173076923076923
8 0.21754807692307693 0.3557692307692308 0.08774038461538461 0.09014423076923077
8 0.42788461538461536 0.5288461538461539 0.0733173076923077 0.08653846153846154
2 0.11057692307692307 0.5528846153846154 0.10576923076923077 0.07451923076923077
2 0.7367788461538461 0.6370192307692307 0.08052884615384616 0.08413461538461539
4 0.6262019230769231 0.5456730769230769 0.08653846153846154 0.0985576923076923
1 0.4230769230769231 0.8689903846153846 0.09134615384615384 0.09975961538461539
0 0.30528846153846156 0.6490384615384616 0.08413461538461539 0.08173076923076923
0 0.6394230769230769 0.8605769230769231 0.0673076923076923 0.07932692307692307
5 0.8737980769230769 0.7391826923076923 0.09014423076923077 0.08052884615384616
5 0.08533653846153846 0.8774038461538461 0.10697115384615384 0.08052884615384616