11 0.7163461538461539 0.15985576923076922 0.06610576923076923 0.09254807692307693
11 0.8894230769230769 0.8762019230769231 0.109375 0.07692307692307693
10 0.8737980769230769 0.6358173076923077 0.12259615384615384 0.0889423076923077
8 0.6430288461538461 0.7572115384615384 0.07572115384615384 0.07692307692307693
8 0.4495192307692308 0.53125 0.06490384615384616 0.07211538461538461
7 0.7608173076923077 0.42788461538461536 0.10216346153846154 0.11057692307692307
6 0.6442307692307693 0.33774038461538464 0.06850961538461539 0.09375
6 0.53125 0.23317307692307693 0.06129807692307692 0.09375
5 0.08173076923076923 0.8509615384615384 0.10096153846153846 0.08653846153846154
5 0.27403846153846156 0.14783653846153846 0.06850961538461539 0.09735576923076923
2 0.35336538461538464 0.2439903846153846 0.07091346153846154 0.08774038461538461
2 0.4230769230769231 0.8617788461538461 0.078125 0.08653846153846154
0 0.3293269230769231 0.6478365384615384 0.06971153846153846 0.07692307692307693
0 0.15504807692307693 0.33533653846153844 0.0889423076923077 0.09014423076923077
4 0.43509615384615385 0.328125 0.0733173076923077 0.11778846153846154
1 0.11538461538461539 0.5168269230769231 0.12259615384615384 0.109375