6 0.8004807692307693 0.671875 0.09014423076923077 0.08774038461538461
11 0.5432692307692307 0.4543269230769231 0.06490384615384616 0.09134615384615384
9 0.6418269230769231 0.3713942307692308 0.05889423076923077 0.07572115384615384
9 0.6358173076923077 0.2776442307692308 0.055288461538461536 0.08173076923076923
9 0.7283653846153846 0.21634615384615385 0.06009615384615385 0.07692307692307693
8 0.4519230769230769 0.20552884615384615 0.06490384615384616 0.09975961538461539
10 0.24759615384615385 0.18509615384615385 0.08653846153846154 0.13942307692307693
5 0.6262019230769231 0.12620192307692307 0.06610576923076923 0.09615384615384616
7 0.7427884615384616 0.2620192307692308 0.10336538461538461 0.14783653846153846
4 0.78125 0.5588942307692307 0.11899038461538461 0.11778846153846154
3 0.6550480769230769 0.4639423076923077 0.0673076923076923 0.07451923076923077
3 0.5504807692307693 0.5588942307692307 0.06610576923076923 0.07572115384615384
3 0.31971153846153844 0.6694711538461539 0.0673076923076923 0.07692307692307693
2 0.44711538461538464 0.5516826923076923 0.07091346153846154 0.10817307692307693
0 0.33653846153846156 0.4543269230769231 0.07692307692307693 0.09975961538461539
1 0.34134615384615385 0.34615384615384615 0.0889423076923077 0.14783653846153846