9 0.7644230769230769 0.2536057692307692 0.0673076923076923 0.0733173076923077
9 0.6790865384615384 0.30528846153846156 0.0673076923076923 0.07211538461538461
9 0.6875 0.39783653846153844 0.0673076923076923 0.0733173076923077
11 0.5949519230769231 0.4735576923076923 0.078125 0.0889423076923077
8 0.5024038461538461 0.21394230769230768 0.07692307692307693 0.09375
10 0.296875 0.17307692307692307 0.06971153846153846 0.13822115384615385
7 0.7896634615384616 0.3016826923076923 0.1141826923076923 0.12980769230769232
6 0.84375 0.6971153846153846 0.10817307692307693 0.08774038461538461
4 0.828125 0.5877403846153846 0.12860576923076922 0.11298076923076923
3 0.6995192307692307 0.49158653846153844 0.06610576923076923 0.07932692307692307
3 0.6009615384615384 0.5745192307692307 0.06129807692307692 0.07091346153846154
3 0.375 0.6838942307692307 0.06490384615384616 0.07091346153846154
2 0.5036057692307693 0.5685096153846154 0.07932692307692307 0.10096153846153846
0 0.38822115384615385 0.46274038461538464 0.06850961538461539 0.09495192307692307
1 0.3942307692307692 0.34975961538461536 0.08173076923076923 0.140625
5 0.671875 0.15384615384615385 0.07211538461538461 0.09375