10 0.2403846153846154 0.234375 0.09975961538461539 0.13942307692307693
8 0.22235576923076922 0.41586538461538464 0.08533653846153846 0.11177884615384616
5 0.057692307692307696 0.6153846153846154 0.1045673076923077 0.09254807692307693
1 0.4338942307692308 0.3088942307692308 0.09014423076923077 0.15264423076923078
0 0.5336538461538461 0.32091346153846156 0.0673076923076923 0.10817307692307693
3 0.7331730769230769 0.3233173076923077 0.055288461538461536 0.08533653846153846
3 0.6358173076923077 0.5144230769230769 0.06610576923076923 0.08413461538461539
3 0.5300480769230769 0.6262019230769231 0.0673076923076923 0.08052884615384616
9 0.17427884615384615 0.734375 0.08653846153846154 0.08653846153846154
9 0.28846153846153844 0.6177884615384616 0.07211538461538461 0.07932692307692307
9 0.4170673076923077 0.6189903846153846 0.06850961538461539 0.08052884615384616
11 0.5240384615384616 0.5036057692307693 0.07932692307692307 0.10336538461538461
7 0.2776442307692308 0.7247596153846154 0.11778846153846154 0.12139423076923077
4 0.6622596153846154 0.7295673076923077 0.0985576923076923 0.1201923076923077
6 0.7824519230769231 0.7524038461538461 0.09375 0.109375
2 0.6382211538461539 0.4170673076923077 0.07572115384615384 0.10336538461538461