11 0.22956730769230768 0.0829326923076923 0.0733173076923077 0.10216346153846154
11 0.8713942307692307 0.20793269230769232 0.0829326923076923 0.08052884615384616
8 0.8004807692307693 0.19110576923076922 0.09254807692307693 0.08052884615384616
8 0.4495192307692308 0.1201923076923077 0.08173076923076923 0.10096153846153846
6 0.3425480769230769 0.10336538461538461 0.0673076923076923 0.109375
6 0.7211538461538461 0.16947115384615385 0.08653846153846154 0.09134615384615384
7 0.5504807692307693 0.1310096153846154 0.10817307692307693 0.13942307692307693
10 0.6370192307692307 0.15625 0.10576923076923077 0.12620192307692307
9 0.22956730769230768 0.1935096153846154 0.06850961538461539 0.08173076923076923
9 0.33533653846153844 0.2091346153846154 0.057692307692307696 0.078125
9 0.44591346153846156 0.22115384615384615 0.0625 0.08052884615384616
9 0.5360576923076923 0.2403846153846154 0.06490384615384616 0.07692307692307693
9 0.6298076923076923 0.25240384615384615 0.06610576923076923 0.07692307692307693
9 0.7151442307692307 0.2668269230769231 0.06850961538461539 0.0733173076923077
9 0.7980769230769231 0.27884615384615385 0.07091346153846154 0.07211538461538461
9 0.8810096153846154 0.2956730769230769 0.0733173076923077 0.07451923076923077
3 0.19230769230769232 0.7512019230769231 0.07091346153846154 0.06850961538461539
3 0.3173076923076923 0.7536057692307693 0.06129807692307692 0.0625
3 0.4254807692307692 0.7451923076923077 0.06850961538461539 0.06370192307692307
3 0.5444711538461539 0.7487980769230769 0.07091346153846154 0.0625
3 0.6358173076923077 0.7367788461538461 0.0733173076923077 0.06490384615384616
3 0.7391826923076923 0.7391826923076923 0.07932692307692307 0.05889423076923077
3 0.8329326923076923 0.7427884615384616 0.08052884615384616 0.056490384615384616
3 0.9206730769230769 0.7367788461538461 0.08653846153846154 0.06009615384615385
5 0.9375 0.8545673076923077 0.1045673076923077 0.078125
5 0.18990384615384615 0.890625 0.0889423076923077 0.08774038461538461
2 0.31490384615384615 0.8713942307692307 0.09014423076923077 0.08653846153846154
2 0.8497596153846154 0.8605769230769231 0.11057692307692307 0.08413461538461539
0 0.7524038461538461 0.8521634615384616 0.0985576923076923 0.07692307692307693
0 0.43149038461538464 0.8774038461538461 0.078125 0.08173076923076923
1 0.5637019230769231 0.8665865384615384 0.12740384615384615 0.0985576923076923
4 0.6646634615384616 0.8545673076923077 0.1201923076923077 0.09134615384615384