11 0.859375 0.21033653846153846 0.08774038461538461 0.0829326923076923
11 0.1971153846153846 0.22716346153846154 0.078125 0.09014423076923077
10 0.6983173076923077 0.17908653846153846 0.10697115384615384 0.1201923076923077
7 0.5168269230769231 0.234375 0.0985576923076923 0.12620192307692307
6 0.4098557692307692 0.33413461538461536 0.07211538461538461 0.08653846153846154
6 0.2860576923076923 0.43509615384615385 0.06850961538461539 0.08052884615384616
8 0.7956730769230769 0.3798076923076923 0.10096153846153846 0.08413461538461539
8 0.5985576923076923 0.5336538461538461 0.08413461538461539 0.09134615384615384
2 0.8798076923076923 0.5685096153846154 0.10697115384615384 0.07572115384615384
2 0.2860576923076923 0.6370192307692307 0.078125 0.078125
4 0.4026442307692308 0.5492788461538461 0.09495192307692307 0.09014423076923077
0 0.7151442307692307 0.6526442307692307 0.10336538461538461 0.0733173076923077
0 0.3894230769230769 0.8545673076923077 0.07692307692307693 0.08774038461538461
5 0.1502403846153846 0.7379807692307693 0.07932692307692307 0.07451923076923077
5 0.8918269230769231 0.8653846153846154 0.10576923076923077 0.07692307692307693
1 0.6141826923076923 0.8701923076923077 0.14302884615384615 0.1045673076923077