11 0.1971153846153846 0.8822115384615384 0.08533653846153846 0.09375
11 0.3762019230769231 0.1201923076923077 0.07692307692307693 0.10216346153846154
10 0.22235576923076922 0.625 0.08052884615384616 0.08774038461538461
7 0.3425480769230769 0.41225961538461536 0.09975961538461539 0.10576923076923077
6 0.45072115384615385 0.3317307692307692 0.07692307692307693 0.09014423076923077
6 0.5600961538461539 0.24158653846153846 0.08052884615384616 0.09134615384615384
8 0.45072115384615385 0.7620192307692307 0.08653846153846154 0.08413461538461539
8 0.6382211538461539 0.5456730769230769 0.09975961538461539 0.07692307692307693
1 0.9110576923076923 0.5588942307692307 0.14903846153846154 0.07932692307692307
4 0.6586538461538461 0.35336538461538464 0.1141826923076923 0.11057692307692307
2 0.7235576923076923 0.2800480769230769 0.0985576923076923 0.08774038461538461
2 0.6538461538461539 0.8533653846153846 0.10336538461538461 0.09014423076923077
0 0.7415865384615384 0.6598557692307693 0.10697115384615384 0.06971153846153846
0 0.8810096153846154 0.38822115384615385 0.10336538461538461 0.06971153846153846
5 0.7872596153846154 0.20552884615384615 0.07932692307692307 0.08413461538461539
5 0.9194711538461539 0.84375 0.10336538461538461 0.08173076923076923