5 0.9086538461538461 0.6201923076923077 0.1045673076923077 0.08653846153846154
9 0.7896634615384616 0.7355769230769231 0.0829326923076923 0.07572115384615384
9 0.6899038461538461 0.6201923076923077 0.07451923076923077 0.07091346153846154
9 0.5649038461538461 0.625 0.06009615384615385 0.0673076923076923
11 0.46153846153846156 0.515625 0.06971153846153846 0.0829326923076923
8 0.7596153846153846 0.4182692307692308 0.08173076923076923 0.09495192307692307
10 0.7475961538461539 0.21754807692307693 0.0985576923076923 0.1310096153846154
1 0.5540865384615384 0.3125 0.08533653846153846 0.13581730769230768
0 0.4543269230769231 0.3173076923076923 0.0673076923076923 0.10096153846153846
3 0.2536057692307692 0.32091346153846156 0.0625 0.07932692307692307
3 0.3545673076923077 0.5216346153846154 0.06009615384615385 0.07091346153846154
3 0.45552884615384615 0.6310096153846154 0.05889423076923077 0.06971153846153846
4 0.3317307692307692 0.7403846153846154 0.09254807692307693 0.09735576923076923
6 0.22115384615384615 0.7584134615384616 0.08413461538461539 0.08774038461538461
7 0.6875 0.7331730769230769 0.11177884615384616 0.09975961538461539
2 0.34975961538461536 0.42788461538461536 0.08052884615384616 0.09014423076923077