9 0.15985576923076922 0.7151442307692307 0.0673076923076923 0.0733173076923077
9 0.28125 0.7259615384615384 0.0625 0.0673076923076923
9 0.39783653846153844 0.7235576923076923 0.05889423076923077 0.06850961538461539
9 0.5060096153846154 0.7259615384615384 0.05889423076923077 0.0673076923076923
9 0.6153846153846154 0.7259615384615384 0.0733173076923077 0.0625
9 0.7151442307692307 0.7307692307692307 0.07572115384615384 0.06490384615384616
9 0.8233173076923077 0.7271634615384616 0.07692307692307693 0.06370192307692307
9 0.9194711538461539 0.7259615384615384 0.08653846153846154 0.0625
3 0.2127403846153846 0.22956730769230768 0.06009615384615385 0.07932692307692307
3 0.31490384615384615 0.23557692307692307 0.054086538461538464 0.07692307692307693
3 0.4110576923076923 0.24278846153846154 0.055288461538461536 0.07932692307692307
3 0.5084134615384616 0.25600961538461536 0.057692307692307696 0.06971153846153846
3 0.5865384615384616 0.2536057692307692 0.052884615384615384 0.0733173076923077
3 0.6790865384615384 0.26802884615384615 0.06129807692307692 0.06850961538461539
3 0.7632211538461539 0.27283653846153844 0.0625 0.07451923076923077
3 0.8509615384615384 0.28125 0.0673076923076923 0.07091346153846154
11 0.15504807692307693 0.84375 0.0829326923076923 0.08173076923076923
11 0.9483173076923077 0.8401442307692307 0.10336538461538461 0.07572115384615384
8 0.2776442307692308 0.8473557692307693 0.08052884615384616 0.08052884615384616
8 0.7415865384615384 0.8473557692307693 0.1045673076923077 0.08173076923076923
6 0.390625 0.8485576923076923 0.07692307692307693 0.07692307692307693
6 0.8449519230769231 0.8353365384615384 0.10216346153846154 0.0733173076923077
10 0.5180288461538461 0.8269230769230769 0.10096153846153846 0.08533653846153846
7 0.6334134615384616 0.8305288461538461 0.11658653846153846 0.09134615384615384
5 0.22355769230769232 0.13341346153846154 0.07091346153846154 0.0985576923076923
5 0.8377403846153846 0.19591346153846154 0.07692307692307693 0.08533653846153846
2 0.32211538461538464 0.13701923076923078 0.06490384615384616 0.11057692307692307
2 0.7632211538461539 0.19471153846153846 0.08173076923076923 0.08533653846153846
0 0.41466346153846156 0.14903846153846154 0.06009615384615385 0.10697115384615384
0 0.6754807692307693 0.17427884615384615 0.0733173076923077 0.10336538461538461
4 0.5084134615384616 0.15264423076923078 0.07932692307692307 0.12860576923076922
1 0.5961538461538461 0.15264423076923078 0.09014423076923077 0.140625