11 0.1310096153846154 0.7427884615384616 0.09375 0.06850961538461539
11 0.8569711538461539 0.8725961538461539 0.0829326923076923 0.09254807692307693
6 0.21514423076923078 0.5528846153846154 0.09615384615384616 0.0625
6 0.3125 0.6538461538461539 0.10096153846153846 0.06490384615384616
7 0.3954326923076923 0.7572115384615384 0.12860576923076922 0.08653846153846154
10 0.6069711538461539 0.8641826923076923 0.09495192307692307 0.08774038461538461
8 0.7175480769230769 0.6310096153846154 0.07932692307692307 0.07091346153846154
8 0.4987980769230769 0.453125 0.0829326923076923 0.08533653846153846
5 0.15264423076923078 0.32211538461538464 0.08774038461538461 0.0733173076923077
5 0.7752403846153846 0.11778846153846154 0.07091346153846154 0.09975961538461539
0 0.31971153846153844 0.2091346153846154 0.08052884615384616 0.0889423076923077
0 0.6033653846153846 0.33653846153846156 0.0673076923076923 0.08173076923076923
2 0.23317307692307693 0.38221153846153844 0.08653846153846154 0.08533653846153846
2 0.8016826923076923 0.41225961538461536 0.07451923076923077 0.08052884615384616
4 0.3088942307692308 0.4483173076923077 0.11177884615384616 0.08774038461538461
1 0.48197115384615385 0.16346153846153846 0.09975961538461539 0.12379807692307693