6 0.19951923076923078 0.671875 0.09014423076923077 0.08774038461538461
11 0.4567307692307692 0.4543269230769231 0.06490384615384616 0.09134615384615384
9 0.3581730769230769 0.3713942307692308 0.05889423076923077 0.07572115384615384
9 0.3641826923076923 0.2776442307692308 0.055288461538461536 0.08173076923076923
9 0.27163461538461536 0.21634615384615385 0.06009615384615385 0.07692307692307693
8 0.5480769230769231 0.20552884615384615 0.06490384615384616 0.09975961538461539
10 0.7524038461538461 0.18509615384615385 0.08653846153846154 0.13942307692307693
5 0.3737980769230769 0.12620192307692307 0.06610576923076923 0.09615384615384616
7 0.25721153846153844 0.2620192307692308 0.10336538461538461 0.14783653846153846
4 0.21875 0.5588942307692307 0.11899038461538461 0.11778846153846154
3 0.3449519230769231 0.4639423076923077 0.0673076923076923 0.07451923076923077
3 0.4495192307692308 0.5588942307692307 0.06610576923076923 0.07572115384615384
3 0.6802884615384616 0.6694711538461539 0.0673076923076923 0.07692307692307693
2 0.5528846153846154 0.5516826923076923 0.07091346153846154 0.10817307692307693
0 0.6634615384615384 0.4543269230769231 0.07692307692307693 0.09975961538461539
1 0.6586538461538461 0.34615384615384615 0.0889423076923077 0.14783653846153846