11 0.7463942307692307 0.16826923076923078 0.0829326923076923 0.09014423076923077
11 0.8846153846153846 0.8401442307692307 0.1045673076923077 0.078125
10 0.8810096153846154 0.6322115384615384 0.13942307692307693 0.07932692307692307
7 0.7920673076923077 0.4411057692307692 0.1346153846153846 0.09735576923076923
6 0.6850961538461539 0.34615384615384615 0.09134615384615384 0.08533653846153846
6 0.5745192307692307 0.22716346153846154 0.07451923076923077 0.09134615384615384
8 0.5024038461538461 0.5264423076923077 0.09495192307692307 0.07451923076923077
8 0.6838942307692307 0.7463942307692307 0.09735576923076923 0.07451923076923077
0 0.3798076923076923 0.6370192307692307 0.08653846153846154 0.08533653846153846
0 0.1875 0.2956730769230769 0.07211538461538461 0.08774038461538461
5 0.30528846153846156 0.10336538461538461 0.07451923076923077 0.10096153846153846
5 0.1310096153846154 0.8545673076923077 0.08413461538461539 0.09014423076923077
2 0.47596153846153844 0.8473557692307693 0.07932692307692307 0.09495192307692307
2 0.39663461538461536 0.21634615384615385 0.0829326923076923 0.10096153846153846
4 0.48677884615384615 0.31971153846153844 0.09014423076923077 0.109375
1 0.16706730769230768 0.5012019230769231 0.09495192307692307 0.10216346153846154