11 0.13581730769230768 0.14182692307692307 0.07451923076923077 0.09375
11 0.8112980769230769 0.15985576923076922 0.0733173076923077 0.09134615384615384
6 0.2403846153846154 0.14302884615384615 0.06490384615384616 0.10216346153846154
6 0.6262019230769231 0.14543269230769232 0.06129807692307692 0.10336538461538461
8 0.3401442307692308 0.14302884615384615 0.0673076923076923 0.09735576923076923
8 0.7223557692307693 0.15625 0.08052884615384616 0.09375
7 0.4362980769230769 0.1346153846153846 0.0733173076923077 0.14543269230769232
10 0.5276442307692307 0.1466346153846154 0.06610576923076923 0.12980769230769232
9 0.13221153846153846 0.23918269230769232 0.0673076923076923 0.078125
9 0.234375 0.23918269230769232 0.057692307692307696 0.07572115384615384
9 0.34134615384615385 0.23677884615384615 0.056490384615384616 0.07572115384615384
9 0.43509615384615385 0.24158653846153846 0.04927884615384615 0.0733173076923077
9 0.5324519230769231 0.2439903846153846 0.052884615384615384 0.078125
9 0.6274038461538461 0.24879807692307693 0.05048076923076923 0.07692307692307693
9 0.7247596153846154 0.24639423076923078 0.05889423076923077 0.0733173076923077
9 0.8269230769230769 0.2536057692307692 0.06370192307692307 0.07451923076923077
3 0.07572115384615384 0.7512019230769231 0.08413461538461539 0.06850961538461539
3 0.19951923076923078 0.7512019230769231 0.0673076923076923 0.06850961538461539
3 0.3112980769230769 0.7463942307692307 0.06129807692307692 0.06610576923076923
3 0.43149038461538464 0.7512019230769231 0.06009615384615385 0.06009615384615385
3 0.5300480769230769 0.7367788461538461 0.056490384615384616 0.0625
3 0.6490384615384616 0.7379807692307693 0.057692307692307696 0.057692307692307696
3 0.7608173076923077 0.7403846153846154 0.07211538461538461 0.06490384615384616
3 0.8774038461538461 0.7355769230769231 0.07572115384615384 0.06009615384615385
5 0.06370192307692307 0.8846153846153846 0.10336538461538461 0.08173076923076923
5 0.8978365384615384 0.8689903846153846 0.0985576923076923 0.0829326923076923
2 0.17908653846153846 0.8701923076923077 0.0985576923076923 0.08774038461538461
2 0.78125 0.8689903846153846 0.09975961538461539 0.08413461538461539
0 0.3076923076923077 0.8762019230769231 0.07451923076923077 0.07932692307692307
0 0.6550480769230769 0.8581730769230769 0.07692307692307693 0.07932692307692307
1 0.42908653846153844 0.8689903846153846 0.08052884615384616 0.08774038461538461
4 0.5432692307692307 0.8605769230769231 0.08533653846153846 0.08533653846153846