11 0.8894230769230769 0.21514423076923078 0.09014423076923077 0.08052884615384616
11 0.23076923076923078 0.1141826923076923 0.07572115384615384 0.10096153846153846
6 0.8052884615384616 0.203125 0.09375 0.09014423076923077
6 0.43149038461538464 0.13942307692307693 0.06610576923076923 0.10096153846153846
8 0.33413461538461536 0.12980769230769232 0.08052884615384616 0.10096153846153846
8 0.7199519230769231 0.1875 0.09134615384615384 0.08413461538461539
7 0.6358173076923077 0.16706730769230768 0.10697115384615384 0.12860576923076922
10 0.5384615384615384 0.15865384615384615 0.0985576923076923 0.12379807692307693
9 0.8882211538461539 0.3088942307692308 0.07692307692307693 0.06490384615384616
9 0.8052884615384616 0.296875 0.07211538461538461 0.06610576923076923
9 0.7115384615384616 0.27884615384615385 0.06850961538461539 0.06610576923076923
9 0.625 0.27163461538461536 0.06009615384615385 0.06971153846153846
9 0.5276442307692307 0.25961538461538464 0.0625 0.06971153846153846
9 0.42908653846153844 0.24879807692307693 0.05889423076923077 0.06971153846153846
9 0.3269230769230769 0.23076923076923078 0.057692307692307696 0.07572115384615384
9 0.2127403846153846 0.22355769230769232 0.06370192307692307 0.0829326923076923
3 0.9230769230769231 0.7776442307692307 0.08653846153846154 0.06610576923076923
3 0.8245192307692307 0.7776442307692307 0.08413461538461539 0.056490384615384616
3 0.7355769230769231 0.7728365384615384 0.078125 0.057692307692307696
3 0.6262019230769231 0.7752403846153846 0.0733173076923077 0.06971153846153846
3 0.5336538461538461 0.7644230769230769 0.06129807692307692 0.0625
3 0.4170673076923077 0.7644230769230769 0.06009615384615385 0.06850961538461539
3 0.3004807692307692 0.7680288461538461 0.06009615384615385 0.06490384615384616
3 0.17548076923076922 0.7620192307692307 0.06850961538461539 0.0673076923076923
5 0.9290865384615384 0.890625 0.10817307692307693 0.07572115384615384
5 0.1622596153846154 0.9038461538461539 0.08052884615384616 0.09254807692307693
2 0.8461538461538461 0.8798076923076923 0.11658653846153846 0.08173076923076923
2 0.29086538461538464 0.9038461538461539 0.08533653846153846 0.09735576923076923
0 0.7427884615384616 0.890625 0.10576923076923077 0.0829326923076923
0 0.41466346153846156 0.8870192307692307 0.07692307692307693 0.0829326923076923
1 0.6466346153846154 0.8978365384615384 0.12259615384615384 0.09975961538461539
4 0.5324519230769231 0.890625 0.1141826923076923 0.10336538461538461