11 0.22235576923076922 0.09615384615384616 0.07932692307692307 0.10697115384615384
11 0.1622596153846154 0.8774038461538461 0.08413461538461539 0.08774038461538461
9 0.33413461538461536 0.11658653846153846 0.07091346153846154 0.08052884615384616
9 0.32091346153846156 0.2127403846153846 0.0673076923076923 0.0829326923076923
9 0.32211538461538464 0.31971153846153844 0.06490384615384616 0.07692307692307693
9 0.31009615384615385 0.4170673076923077 0.06370192307692307 0.0733173076923077
9 0.3076923076923077 0.5240384615384616 0.05889423076923077 0.06610576923076923
9 0.296875 0.6262019230769231 0.06009615384615385 0.0673076923076923
9 0.2956730769230769 0.7487980769230769 0.06490384615384616 0.06850961538461539
9 0.2920673076923077 0.8605769230769231 0.07451923076923077 0.0733173076923077
8 0.21394230769230768 0.19110576923076922 0.08774038461538461 0.11057692307692307
8 0.18028846153846154 0.6286057692307693 0.08052884615384616 0.08653846153846154
6 0.1778846153846154 0.7403846153846154 0.08052884615384616 0.08653846153846154
6 0.20552884615384615 0.29447115384615385 0.08052884615384616 0.09014423076923077
10 0.21394230769230768 0.39783653846153844 0.08533653846153846 0.10697115384615384
7 0.20072115384615385 0.5096153846153846 0.09615384615384616 0.0985576923076923
3 0.7632211538461539 0.20072115384615385 0.07211538461538461 0.06971153846153846
3 0.7728365384615384 0.28966346153846156 0.07211538461538461 0.06971153846153846
3 0.7728365384615384 0.3713942307692308 0.07211538461538461 0.06129807692307692
3 0.7728365384615384 0.4699519230769231 0.07211538461538461 0.06009615384615385
3 0.7836538461538461 0.5504807692307693 0.078125 0.06850961538461539
3 0.7860576923076923 0.6538461538461539 0.07692307692307693 0.055288461538461536
3 0.7920673076923077 0.7463942307692307 0.07692307692307693 0.07211538461538461
3 0.7932692307692307 0.8509615384615384 0.08052884615384616 0.07211538461538461
5 0.8533653846153846 0.21394230769230768 0.08653846153846154 0.07932692307692307
5 0.8894230769230769 0.8401442307692307 0.09735576923076923 0.07451923076923077
2 0.8629807692307693 0.296875 0.10576923076923077 0.07692307692307693
2 0.8798076923076923 0.7463942307692307 0.10096153846153846 0.06610576923076923
0 0.8617788461538461 0.38341346153846156 0.09735576923076923 0.06850961538461539
0 0.8810096153846154 0.6550480769230769 0.10576923076923077 0.07211538461538461
4 0.875 0.4639423076923077 0.12620192307692307 0.078125
1 0.890625 0.5576923076923077 0.14182692307692307 0.0733173076923077