5 0.15985576923076922 0.15144230769230768 0.078125 0.09375
5 0.11298076923076923 0.8185096153846154 0.09495192307692307 0.07692307692307693
3 0.23677884615384615 0.8233173076923077 0.07091346153846154 0.07451923076923077
3 0.3485576923076923 0.7091346153846154 0.0625 0.06971153846153846
3 0.44591346153846156 0.5108173076923077 0.055288461538461536 0.0625
3 0.25841346153846156 0.15504807692307693 0.06129807692307692 0.07932692307692307
3 0.3389423076923077 0.22716346153846154 0.05048076923076923 0.0733173076923077
3 0.5240384615384616 0.32091346153846156 0.056490384615384616 0.06971153846153846
3 0.5264423076923077 0.40865384615384615 0.055288461538461536 0.06490384615384616
0 0.3473557692307692 0.5096153846153846 0.06370192307692307 0.07211538461538461
0 0.24759615384615385 0.5060096153846154 0.07451923076923077 0.07932692307692307
2 0.3473557692307692 0.6033653846153846 0.0673076923076923 0.07932692307692307
2 0.14302884615384615 0.23557692307692307 0.07572115384615384 0.09975961538461539
1 0.13701923076923078 0.40625 0.11057692307692307 0.10697115384615384
4 0.12139423076923077 0.5012019230769231 0.11298076923076923 0.09495192307692307
9 0.7487980769230769 0.8004807692307693 0.0673076923076923 0.06850961538461539
9 0.6286057692307693 0.5973557692307693 0.057692307692307696 0.06009615384615385
9 0.625 0.5060096153846154 0.056490384615384616 0.06490384615384616
9 0.6286057692307693 0.40625 0.055288461538461536 0.06971153846153846
9 0.7127403846153846 0.3112980769230769 0.0625 0.0673076923076923
9 0.7019230769230769 0.23076923076923078 0.06009615384615385 0.07692307692307693
9 0.5276442307692307 0.14903846153846154 0.054086538461538464 0.08052884615384616
8 0.6105769230769231 0.14302884615384615 0.06370192307692307 0.10336538461538461
8 0.8557692307692307 0.6935096153846154 0.09134615384615384 0.078125
6 0.7439903846153846 0.6995192307692307 0.0829326923076923 0.0673076923076923
6 0.71875 0.40384615384615385 0.07692307692307693 0.08052884615384616
11 0.8629807692307693 0.8137019230769231 0.09495192307692307 0.0733173076923077
11 0.7860576923076923 0.14783653846153846 0.0733173076923077 0.09375
7 0.8197115384615384 0.39663461538461536 0.109375 0.109375
10 0.8305288461538461 0.48677884615384615 0.10576923076923077 0.0985576923076923