9 0.1201923076923077 0.7415865384615384 0.09134615384615384 0.07211538461538461
9 0.21634615384615385 0.7475961538461539 0.08173076923076923 0.0625
9 0.31850961538461536 0.7391826923076923 0.07451923076923077 0.06850961538461539
9 0.41947115384615385 0.7415865384615384 0.08173076923076923 0.06610576923076923
9 0.5252403846153846 0.7355769230769231 0.06971153846153846 0.0673076923076923
9 0.6334134615384616 0.7379807692307693 0.0673076923076923 0.06370192307692307
9 0.7560096153846154 0.7283653846153846 0.06971153846153846 0.06971153846153846
9 0.8762019230769231 0.7223557692307693 0.07091346153846154 0.07211538461538461
11 0.1141826923076923 0.8545673076923077 0.10576923076923077 0.078125
11 0.9002403846153846 0.8581730769230769 0.09375 0.08533653846153846
8 0.20072115384615385 0.8509615384615384 0.11298076923076923 0.09014423076923077
8 0.6430288461538461 0.8617788461538461 0.09495192307692307 0.08653846153846154
6 0.765625 0.8497596153846154 0.08052884615384616 0.08173076923076923
6 0.30288461538461536 0.8617788461538461 0.0985576923076923 0.07572115384615384
10 0.4050480769230769 0.8449519230769231 0.1141826923076923 0.08533653846153846
7 0.5204326923076923 0.8461538461538461 0.10697115384615384 0.09495192307692307
5 0.18028846153846154 0.22115384615384615 0.08173076923076923 0.07932692307692307
5 0.796875 0.11298076923076923 0.06490384615384616 0.09735576923076923
2 0.25961538461538464 0.203125 0.08413461538461539 0.09014423076923077
2 0.7007211538461539 0.13341346153846154 0.06850961538461539 0.10336538461538461
0 0.3425480769230769 0.19230769230769232 0.07451923076923077 0.09375
0 0.6069711538461539 0.14182692307692307 0.06129807692307692 0.10216346153846154
4 0.4206730769230769 0.16947115384615385 0.08653846153846154 0.1201923076923077
1 0.5072115384615384 0.1466346153846154 0.08413461538461539 0.13822115384615385
3 0.17548076923076922 0.3088942307692308 0.06610576923076923 0.06370192307692307
3 0.25841346153846156 0.2932692307692308 0.06490384615384616 0.0673076923076923
3 0.3425480769230769 0.28125 0.06129807692307692 0.06971153846153846
3 0.4338942307692308 0.2704326923076923 0.06129807692307692 0.06971153846153846
3 0.5168269230769231 0.24879807692307693 0.056490384615384616 0.07091346153846154
3 0.6165865384615384 0.2403846153846154 0.055288461538461536 0.07451923076923077
3 0.7091346153846154 0.22115384615384615 0.056490384615384616 0.0733173076923077
3 0.8112980769230769 0.20432692307692307 0.057692307692307696 0.08052884615384616