11 0.8810096153846154 0.859375 0.10096153846153846 0.08774038461538461
11 0.8161057692307693 0.15625 0.1045673076923077 0.0829326923076923
6 0.6274038461538461 0.24519230769230768 0.10096153846153846 0.0829326923076923
6 0.7355769230769231 0.3713942307692308 0.109375 0.0733173076923077
7 0.8425480769230769 0.47115384615384615 0.15264423076923078 0.078125
10 0.9074519230769231 0.6682692307692307 0.14783653846153846 0.09735576923076923
8 0.5384615384615384 0.5733173076923077 0.10576923076923077 0.07572115384615384
8 0.7055288461538461 0.7824519230769231 0.11057692307692307 0.10216346153846154
4 0.5240384615384616 0.36538461538461536 0.11538461538461539 0.08774038461538461
2 0.4326923076923077 0.24278846153846154 0.10576923076923077 0.08774038461538461
2 0.5024038461538461 0.8894230769230769 0.0889423076923077 0.11658653846153846
0 0.4074519230769231 0.6935096153846154 0.07572115384615384 0.09375
0 0.1971153846153846 0.3449519230769231 0.07572115384615384 0.0889423076923077
5 0.3245192307692308 0.09975961538461539 0.07932692307692307 0.09975961538461539
5 0.171875 0.9170673076923077 0.08533653846153846 0.10817307692307693
1 0.1875 0.5769230769230769 0.10336538461538461 0.10096153846153846