10 0.7596153846153846 0.234375 0.09975961538461539 0.13942307692307693
8 0.7776442307692307 0.41586538461538464 0.08533653846153846 0.11177884615384616
5 0.9423076923076923 0.6153846153846154 0.1045673076923077 0.09254807692307693
1 0.5661057692307693 0.3088942307692308 0.09014423076923077 0.15264423076923078
0 0.46634615384615385 0.32091346153846156 0.0673076923076923 0.10817307692307693
3 0.2668269230769231 0.3233173076923077 0.055288461538461536 0.08533653846153846
3 0.3641826923076923 0.5144230769230769 0.06610576923076923 0.08413461538461539
3 0.4699519230769231 0.6262019230769231 0.0673076923076923 0.08052884615384616
9 0.8257211538461539 0.734375 0.08653846153846154 0.08653846153846154
9 0.7115384615384616 0.6177884615384616 0.07211538461538461 0.07932692307692307
9 0.5829326923076923 0.6189903846153846 0.06850961538461539 0.08052884615384616
11 0.47596153846153844 0.5036057692307693 0.07932692307692307 0.10336538461538461
7 0.7223557692307693 0.7247596153846154 0.11778846153846154 0.12139423076923077
4 0.33774038461538464 0.7295673076923077 0.0985576923076923 0.1201923076923077
6 0.21754807692307693 0.7524038461538461 0.09375 0.109375
2 0.36177884615384615 0.4170673076923077 0.07572115384615384 0.10336538461538461