11 0.13221153846153846 0.16105769230769232 0.08533653846153846 0.10216346153846154
11 0.8100961538461539 0.15144230769230768 0.0829326923076923 0.09735576923076923
7 0.4266826923076923 0.13701923076923078 0.08173076923076923 0.15264423076923078
10 0.5144230769230769 0.13942307692307693 0.0733173076923077 0.140625
8 0.703125 0.14543269230769232 0.0733173076923077 0.10096153846153846
8 0.1045673076923077 0.33653846153846156 0.11057692307692307 0.0985576923076923
6 0.4206730769230769 0.2403846153846154 0.0733173076923077 0.09975961538461539
6 0.7151442307692307 0.23677884615384615 0.07091346153846154 0.10216346153846154
9 0.10697115384615384 0.43149038461538464 0.08653846153846154 0.07932692307692307
9 0.2247596153846154 0.24639423076923078 0.06971153846153846 0.08413461538461539
9 0.3161057692307692 0.24639423076923078 0.06610576923076923 0.0829326923076923
9 0.4206730769230769 0.32572115384615385 0.06370192307692307 0.06971153846153846
9 0.5240384615384616 0.3389423076923077 0.06490384615384616 0.07451923076923077
9 0.6141826923076923 0.33653846153846156 0.06129807692307692 0.07451923076923077
9 0.8052884615384616 0.24158653846153846 0.07572115384615384 0.08413461538461539
3 0.07932692307692307 0.7548076923076923 0.08413461538461539 0.07932692307692307
3 0.1935096153846154 0.6490384615384616 0.07692307692307693 0.07091346153846154
3 0.32091346153846156 0.4362980769230769 0.06610576923076923 0.078125
3 0.4230769230769231 0.4338942307692308 0.06129807692307692 0.078125
3 0.5324519230769231 0.5180288461538461 0.06370192307692307 0.06610576923076923
3 0.7512019230769231 0.6189903846153846 0.07211538461538461 0.06971153846153846
3 0.8774038461538461 0.7283653846153846 0.08173076923076923 0.06971153846153846
5 0.06370192307692307 0.8822115384615384 0.1045673076923077 0.08774038461538461
5 0.8918269230769231 0.8581730769230769 0.10697115384615384 0.08052884615384616
2 0.6466346153846154 0.6237980769230769 0.0829326923076923 0.07932692307692307
2 0.19230769230769232 0.8930288461538461 0.10817307692307693 0.0829326923076923
0 0.5372596153846154 0.6262019230769231 0.07572115384615384 0.07572115384615384
0 0.5324519230769231 0.7355769230769231 0.07211538461538461 0.07572115384615384
1 0.42908653846153844 0.8605769230769231 0.09014423076923077 0.09134615384615384
4 0.5384615384615384 0.8713942307692307 0.08774038461538461 0.09615384615384616