5 0.1466346153846154 0.07572115384615384 0.078125 0.11057692307692307
5 0.14903846153846154 0.8966346153846154 0.08533653846153846 0.09975961538461539
3 0.2692307692307692 0.08533653846153846 0.06850961538461539 0.09014423076923077
3 0.2668269230769231 0.19471153846153846 0.06009615384615385 0.0829326923076923
3 0.2704326923076923 0.2956730769230769 0.06610576923076923 0.078125
3 0.2692307692307692 0.41466346153846156 0.06610576923076923 0.0733173076923077
3 0.2824519230769231 0.5132211538461539 0.06129807692307692 0.06971153846153846
3 0.2824519230769231 0.6334134615384616 0.06610576923076923 0.0673076923076923
3 0.2764423076923077 0.7524038461538461 0.0673076923076923 0.06850961538461539
3 0.28725961538461536 0.8774038461538461 0.06610576923076923 0.07932692307692307
2 0.14543269230769232 0.765625 0.0889423076923077 0.09495192307692307
2 0.15745192307692307 0.17067307692307693 0.08052884615384616 0.109375
0 0.14543269230769232 0.28725961538461536 0.0829326923076923 0.09254807692307693
0 0.15504807692307693 0.6358173076923077 0.08413461538461539 0.07932692307692307
4 0.15985576923076922 0.5144230769230769 0.09735576923076923 0.09735576923076923
1 0.15144230769230768 0.39783653846153844 0.09495192307692307 0.11298076923076923
9 0.7524038461538461 0.14182692307692307 0.07451923076923077 0.07572115384615384
9 0.7608173076923077 0.23197115384615385 0.07211538461538461 0.06971153846153846
9 0.7728365384615384 0.3329326923076923 0.07572115384615384 0.0625
9 0.7764423076923077 0.4254807692307692 0.07932692307692307 0.06850961538461539
9 0.7872596153846154 0.5240384615384616 0.08052884615384616 0.06129807692307692
9 0.7908653846153846 0.6201923076923077 0.08173076923076923 0.05889423076923077
9 0.8040865384615384 0.7259615384615384 0.0829326923076923 0.0625
9 0.8064903846153846 0.8341346153846154 0.08052884615384616 0.0673076923076923
11 0.9086538461538461 0.8209134615384616 0.10576923076923077 0.08173076923076923
11 0.8461538461538461 0.140625 0.09254807692307693 0.08774038461538461
6 0.8569711538461539 0.234375 0.10096153846153846 0.08413461538461539
6 0.8990384615384616 0.6201923076923077 0.11057692307692307 0.06610576923076923
8 0.9014423076923077 0.7199519230769231 0.109375 0.07692307692307693
8 0.8677884615384616 0.3245192307692308 0.1045673076923077 0.08533653846153846
7 0.8870192307692307 0.4206730769230769 0.1502403846153846 0.09254807692307693
10 0.8894230769230769 0.5168269230769231 0.13581730769230768 0.07932692307692307