11 0.7127403846153846 0.10336538461538461 0.08653846153846154 0.09735576923076923
11 0.7932692307692307 0.9314903846153846 0.07932692307692307 0.11658653846153846
5 0.18990384615384615 0.11057692307692307 0.10216346153846154 0.08653846153846154
5 0.10817307692307693 0.796875 0.09615384615384616 0.08774038461538461
2 0.3713942307692308 0.8497596153846154 0.0889423076923077 0.10336538461538461
2 0.28125 0.23798076923076922 0.11177884615384616 0.07572115384615384
6 0.47836538461538464 0.2247596153846154 0.09254807692307693 0.08173076923076923
6 0.5997596153846154 0.3557692307692308 0.08413461538461539 0.078125
7 0.7151442307692307 0.4795673076923077 0.10096153846153846 0.10096153846153846
10 0.8076923076923077 0.7199519230769231 0.09254807692307693 0.12620192307692307
4 0.3581730769230769 0.3485576923076923 0.12139423076923077 0.08653846153846154
1 0.08653846153846154 0.5300480769230769 0.15384615384615385 0.10096153846153846
0 0.2800480769230769 0.65625 0.10096153846153846 0.08653846153846154
0 0.0985576923076923 0.3389423076923077 0.11298076923076923 0.07211538461538461
8 0.38461538461538464 0.5564903846153846 0.10216346153846154 0.0829326923076923
8 0.5709134615384616 0.796875 0.07932692307692307 0.10817307692307693