9 0.796875 0.8509615384615384 0.0733173076923077 0.06850961538461539
9 0.7896634615384616 0.734375 0.07451923076923077 0.07091346153846154
9 0.7884615384615384 0.6153846153846154 0.07211538461538461 0.06850961538461539
9 0.7776442307692307 0.5132211538461539 0.07091346153846154 0.06610576923076923
9 0.7740384615384616 0.40865384615384615 0.06850961538461539 0.07091346153846154
9 0.7475961538461539 0.12980769230769232 0.0625 0.08774038461538461
9 0.7596153846153846 0.21875 0.0673076923076923 0.08173076923076923
9 0.7632211538461539 0.3173076923076923 0.06971153846153846 0.07451923076923077
3 0.2848557692307692 0.13221153846153846 0.06610576923076923 0.08173076923076923
3 0.27524038461538464 0.21875 0.06129807692307692 0.07692307692307693
3 0.27163461538461536 0.3161057692307692 0.05889423076923077 0.07572115384615384
3 0.265625 0.4170673076923077 0.06610576923076923 0.07211538461538461
3 0.24879807692307693 0.5072115384615384 0.0673076923076923 0.07211538461538461
3 0.24519230769230768 0.6225961538461539 0.07091346153846154 0.07451923076923077
3 0.23317307692307693 0.7283653846153846 0.06971153846153846 0.0733173076923077
3 0.22355769230769232 0.8509615384615384 0.0733173076923077 0.07932692307692307
11 0.9290865384615384 0.859375 0.10576923076923077 0.09134615384615384
11 0.8533653846153846 0.13221153846153846 0.0889423076923077 0.10817307692307693
8 0.8617788461538461 0.2127403846153846 0.09134615384615384 0.11057692307692307
8 0.9074519230769231 0.6165865384615384 0.1045673076923077 0.09254807692307693
6 0.9122596153846154 0.7307692307692307 0.10817307692307693 0.07932692307692307
6 0.8798076923076923 0.30649038461538464 0.09495192307692307 0.09495192307692307
7 0.8942307692307693 0.5060096153846154 0.1310096153846154 0.10817307692307693
10 0.8834134615384616 0.4014423076923077 0.12259615384615384 0.11177884615384616
5 0.17427884615384615 0.12379807692307693 0.08653846153846154 0.0985576923076923
5 0.09134615384615384 0.8473557692307693 0.1045673076923077 0.09375
2 0.11298076923076923 0.7259615384615384 0.0985576923076923 0.08653846153846154
2 0.15745192307692307 0.21394230769230768 0.09254807692307693 0.09615384615384616
0 0.15985576923076922 0.3112980769230769 0.08774038461538461 0.09014423076923077
0 0.11778846153846154 0.6177884615384616 0.09735576923076923 0.08653846153846154
1 0.12620192307692307 0.4987980769230769 0.12860576923076922 0.10336538461538461
4 0.14423076923076922 0.39663461538461536 0.11298076923076923 0.11298076923076923