11 0.8341346153846154 0.1502403846153846 0.07572115384615384 0.09495192307692307
11 0.9158653846153846 0.796875 0.09615384615384616 0.07692307692307693
9 0.7463942307692307 0.1658653846153846 0.06009615384615385 0.078125
9 0.6610576923076923 0.3173076923076923 0.052884615384615384 0.07211538461538461
9 0.6658653846153846 0.39302884615384615 0.054086538461538464 0.07211538461538461
9 0.6790865384615384 0.49038461538461536 0.056490384615384616 0.06610576923076923
9 0.7824519230769231 0.59375 0.06610576923076923 0.06610576923076923
9 0.7860576923076923 0.6899038461538461 0.06850961538461539 0.06370192307692307
9 0.5841346153846154 0.7980769230769231 0.06009615384615385 0.06129807692307692
6 0.7487980769230769 0.22355769230769232 0.06610576923076923 0.0985576923076923
6 0.7704326923076923 0.4831730769230769 0.07572115384615384 0.08533653846153846
8 0.6875 0.796875 0.07211538461538461 0.078125
8 0.84375 0.22596153846153846 0.0733173076923077 0.10096153846153846
10 0.8713942307692307 0.3870192307692308 0.10817307692307693 0.11658653846153846
7 0.8822115384615384 0.46634615384615385 0.11778846153846154 0.11899038461538461
3 0.5733173076923077 0.4891826923076923 0.055288461538461536 0.06971153846153846
3 0.5733173076923077 0.5829326923076923 0.055288461538461536 0.06610576923076923
3 0.25240384615384615 0.7920673076923077 0.07211538461538461 0.06610576923076923
3 0.3605769230769231 0.6947115384615384 0.05889423076923077 0.06009615384615385
3 0.3233173076923077 0.15504807692307693 0.056490384615384616 0.07692307692307693
3 0.4050480769230769 0.23076923076923078 0.04927884615384615 0.07572115384615384
3 0.4891826923076923 0.3918269230769231 0.04927884615384615 0.07211538461538461
5 0.22596153846153846 0.15985576923076922 0.0733173076923077 0.0889423076923077
5 0.12740384615384615 0.7908653846153846 0.0985576923076923 0.07932692307692307
2 0.13822115384615385 0.6634615384615384 0.0889423076923077 0.09014423076923077
2 0.39903846153846156 0.3076923076923077 0.06129807692307692 0.08653846153846154
0 0.296875 0.38822115384615385 0.07091346153846154 0.09014423076923077
0 0.39302884615384615 0.38461538461538464 0.0625 0.0889423076923077
4 0.17908653846153846 0.38100961538461536 0.10216346153846154 0.11658653846153846
1 0.17548076923076922 0.46153846153846156 0.10817307692307693 0.11658653846153846