11 0.2536057692307692 0.16826923076923078 0.0829326923076923 0.09014423076923077
11 0.11538461538461539 0.8401442307692307 0.1045673076923077 0.078125
10 0.11899038461538461 0.6322115384615384 0.13942307692307693 0.07932692307692307
7 0.20793269230769232 0.4411057692307692 0.1346153846153846 0.09735576923076923
6 0.31490384615384615 0.34615384615384615 0.09134615384615384 0.08533653846153846
6 0.4254807692307692 0.22716346153846154 0.07451923076923077 0.09134615384615384
8 0.49759615384615385 0.5264423076923077 0.09495192307692307 0.07451923076923077
8 0.3161057692307692 0.7463942307692307 0.09735576923076923 0.07451923076923077
0 0.6201923076923077 0.6370192307692307 0.08653846153846154 0.08533653846153846
0 0.8125 0.2956730769230769 0.07211538461538461 0.08774038461538461
5 0.6947115384615384 0.10336538461538461 0.07451923076923077 0.10096153846153846
5 0.8689903846153846 0.8545673076923077 0.08413461538461539 0.09014423076923077
2 0.5240384615384616 0.8473557692307693 0.07932692307692307 0.09495192307692307
2 0.6033653846153846 0.21634615384615385 0.0829326923076923 0.10096153846153846
4 0.5132211538461539 0.31971153846153844 0.09014423076923077 0.109375
1 0.8329326923076923 0.5012019230769231 0.09495192307692307 0.10216346153846154