3 0.4026442307692308 0.19230769230769232 0.0733173076923077 0.08533653846153846
3 0.609375 0.32091346153846156 0.07451923076923077 0.08052884615384616
3 0.7103365384615384 0.421875 0.08653846153846154 0.07211538461538461
6 0.8004807692307693 0.23197115384615385 0.11177884615384616 0.08413461538461539
4 0.8088942307692307 0.3173076923076923 0.13581730769230768 0.09495192307692307
2 0.5204326923076923 0.30528846153846156 0.0829326923076923 0.10576923076923077
0 0.40625 0.41586538461538464 0.08413461538461539 0.07932692307692307
1 0.4182692307692308 0.5228365384615384 0.10817307692307693 0.0985576923076923
10 0.29086538461538464 0.7668269230769231 0.09975961538461539 0.109375
5 0.7259615384615384 0.8473557692307693 0.10697115384615384 0.0889423076923077
8 0.5348557692307693 0.7427884615384616 0.11298076923076923 0.0889423076923077
11 0.6141826923076923 0.42427884615384615 0.09134615384615384 0.0829326923076923
9 0.7103365384615384 0.5276442307692307 0.078125 0.06610576923076923
9 0.7139423076923077 0.6442307692307693 0.08173076923076923 0.06971153846153846
9 0.8088942307692307 0.71875 0.08653846153846154 0.06850961538461539
7 0.8329326923076923 0.6262019230769231 0.15625 0.08774038461538461