11 0.8701923076923077 0.703125 0.09134615384615384 0.07692307692307693
11 0.12259615384615384 0.8461538461538461 0.09375 0.08653846153846154
6 0.7536057692307693 0.5060096153846154 0.08653846153846154 0.07932692307692307
6 0.6502403846153846 0.6213942307692307 0.0733173076923077 0.06850961538461539
7 0.5588942307692307 0.7271634615384616 0.08413461538461539 0.09134615384615384
10 0.35336538461538464 0.8329326923076923 0.09014423076923077 0.09014423076923077
8 0.24158653846153846 0.6129807692307693 0.07572115384615384 0.07692307692307693
8 0.4543269230769231 0.4326923076923077 0.06370192307692307 0.08533653846153846
4 0.6430288461538461 0.4098557692307692 0.08774038461538461 0.09615384615384616
2 0.7283653846153846 0.34134615384615385 0.0733173076923077 0.09375
2 0.1658653846153846 0.4266826923076923 0.08653846153846154 0.09254807692307693
5 0.8221153846153846 0.265625 0.0829326923076923 0.08413461538461539
5 0.19110576923076922 0.16706730769230768 0.07692307692307693 0.08653846153846154
0 0.625 0.18028846153846154 0.06370192307692307 0.09975961538461539
0 0.35216346153846156 0.33774038461538464 0.05889423076923077 0.0889423076923077
1 0.45913461538461536 0.15865384615384615 0.0625 0.12980769230769232