9 0.8966346153846154 0.7127403846153846 0.08173076923076923 0.06370192307692307
9 0.7872596153846154 0.7127403846153846 0.06850961538461539 0.06490384615384616
9 0.6742788461538461 0.7115384615384616 0.0625 0.06610576923076923
9 0.5685096153846154 0.7127403846153846 0.05889423076923077 0.0673076923076923
9 0.46153846153846156 0.7091346153846154 0.0673076923076923 0.0673076923076923
9 0.3605769230769231 0.7115384615384616 0.06850961538461539 0.06850961538461539
9 0.23798076923076922 0.7091346153846154 0.06610576923076923 0.07211538461538461
9 0.1310096153846154 0.703125 0.07932692307692307 0.07091346153846154
3 0.9086538461538461 0.8221153846153846 0.0985576923076923 0.07932692307692307
3 0.10336538461538461 0.8293269230769231 0.09495192307692307 0.08173076923076923
8 0.8016826923076923 0.8305288461538461 0.10697115384615384 0.0829326923076923
8 0.3449519230769231 0.828125 0.0829326923076923 0.07932692307692307
6 0.6850961538461539 0.8317307692307693 0.0829326923076923 0.08052884615384616
6 0.2283653846153846 0.8197115384615384 0.0829326923076923 0.0829326923076923
10 0.5685096153846154 0.8125 0.078125 0.08533653846153846
7 0.46033653846153844 0.8185096153846154 0.08413461538461539 0.09375
3 0.8317307692307693 0.2620192307692308 0.06850961538461539 0.0733173076923077
3 0.7367788461538461 0.25721153846153844 0.06009615384615385 0.0733173076923077
3 0.6466346153846154 0.25841346153846156 0.054086538461538464 0.07692307692307693
3 0.5516826923076923 0.25721153846153844 0.05048076923076923 0.07572115384615384
3 0.4723557692307692 0.24759615384615385 0.052884615384615384 0.07451923076923077
3 0.3762019230769231 0.24879807692307693 0.05048076923076923 0.07211538461538461
3 0.28846153846153844 0.24158653846153846 0.06129807692307692 0.078125
3 0.1935096153846154 0.23918269230769232 0.05889423076923077 0.07451923076923077
5 0.8221153846153846 0.17427884615384615 0.08173076923076923 0.08653846153846154
5 0.2091346153846154 0.15625 0.06971153846153846 0.09014423076923077
2 0.7319711538461539 0.1658653846153846 0.07692307692307693 0.1045673076923077
2 0.29086538461538464 0.15985576923076922 0.057692307692307696 0.09495192307692307
0 0.38100961538461536 0.15745192307692307 0.05889423076923077 0.09975961538461539
0 0.6430288461538461 0.16706730769230768 0.06610576923076923 0.10336538461538461
1 0.4699519230769231 0.14423076923076922 0.0733173076923077 0.13822115384615385
4 0.5564903846153846 0.15625 0.06971153846153846 0.125