6 0.2403846153846154 0.20072115384615385 0.07211538461538461 0.10576923076923077
7 0.6514423076923077 0.203125 0.09014423076923077 0.14543269230769232
9 0.7367788461538461 0.2247596153846154 0.06490384615384616 0.078125
9 0.5492788461538461 0.32091346153846156 0.05889423076923077 0.07692307692307693
9 0.6610576923076923 0.32091346153846156 0.056490384615384616 0.07572115384615384
8 0.7632211538461539 0.5096153846153846 0.09254807692307693 0.09735576923076923
10 0.8004807692307693 0.7524038461538461 0.12379807692307693 0.09615384615384616
11 0.45072115384615385 0.41947115384615385 0.0673076923076923 0.08413461538461539
4 0.3329326923076923 0.203125 0.08413461538461539 0.12620192307692307
3 0.4423076923076923 0.3137019230769231 0.055288461538461536 0.07451923076923077
3 0.34375 0.41586538461538464 0.0625 0.07451923076923077
3 0.21394230769230768 0.6334134615384616 0.0673076923076923 0.06490384615384616
2 0.33052884615384615 0.5120192307692307 0.07932692307692307 0.078125
0 0.43990384615384615 0.6310096153846154 0.07091346153846154 0.07451923076923077
1 0.5528846153846154 0.6262019230769231 0.0889423076923077 0.09375
5 0.8701923076923077 0.31850961538461536 0.09254807692307693 0.09495192307692307