5 0.17427884615384615 0.1658653846153846 0.07692307692307693 0.09254807692307693
5 0.8149038461538461 0.15264423076923078 0.07692307692307693 0.09254807692307693
4 0.4483173076923077 0.140625 0.06850961538461539 0.12860576923076922
1 0.5324519230769231 0.140625 0.06971153846153846 0.1466346153846154
2 0.7127403846153846 0.14423076923076922 0.078125 0.10216346153846154
2 0.3401442307692308 0.3329326923076923 0.07451923076923077 0.09254807692307693
0 0.44471153846153844 0.24278846153846154 0.06009615384615385 0.0985576923076923
0 0.4375 0.33052884615384615 0.06370192307692307 0.09254807692307693
3 0.15745192307692307 0.25600961538461536 0.06370192307692307 0.07572115384615384
3 0.24519230769230768 0.33774038461538464 0.06129807692307692 0.07692307692307693
3 0.8197115384615384 0.2403846153846154 0.06490384615384616 0.07451923076923077
3 0.7427884615384616 0.31850961538461536 0.06490384615384616 0.07572115384615384
3 0.6418269230769231 0.5096153846153846 0.06009615384615385 0.06490384615384616
3 0.5444711538461539 0.5096153846153846 0.057692307692307696 0.06370192307692307
3 0.4362980769230769 0.42788461538461536 0.055288461538461536 0.06850961538461539
9 0.10817307692307693 0.7223557692307693 0.08052884615384616 0.06490384615384616
9 0.33653846153846156 0.6069711538461539 0.0625 0.0673076923076923
9 0.4326923076923077 0.6117788461538461 0.06129807692307692 0.06971153846153846
9 0.5456730769230769 0.6201923076923077 0.06490384615384616 0.0625
9 0.8545673076923077 0.5120192307692307 0.07091346153846154 0.07211538461538461
9 0.7668269230769231 0.71875 0.06971153846153846 0.06610576923076923
9 0.6646634615384616 0.7223557692307693 0.0673076923076923 0.06129807692307692
6 0.20793269230769232 0.71875 0.0829326923076923 0.0733173076923077
6 0.5432692307692307 0.7163461538461539 0.06610576923076923 0.06850961538461539
11 0.07211538461538461 0.8377403846153846 0.10216346153846154 0.08173076923076923
11 0.8942307692307693 0.8341346153846154 0.0985576923076923 0.07692307692307693
8 0.8762019230769231 0.6129807692307693 0.10817307692307693 0.08173076923076923
8 0.1935096153846154 0.8449519230769231 0.109375 0.08052884615384616
10 0.4375 0.8341346153846154 0.07932692307692307 0.0889423076923077
7 0.5408653846153846 0.8293269230769231 0.08774038461538461 0.09975961538461539