5 0.09134615384615384 0.6201923076923077 0.1045673076923077 0.08653846153846154
9 0.21033653846153846 0.7355769230769231 0.0829326923076923 0.07572115384615384
9 0.31009615384615385 0.6201923076923077 0.07451923076923077 0.07091346153846154
9 0.43509615384615385 0.625 0.06009615384615385 0.0673076923076923
11 0.5384615384615384 0.515625 0.06971153846153846 0.0829326923076923
8 0.2403846153846154 0.4182692307692308 0.08173076923076923 0.09495192307692307
10 0.25240384615384615 0.21754807692307693 0.0985576923076923 0.1310096153846154
1 0.44591346153846156 0.3125 0.08533653846153846 0.13581730769230768
0 0.5456730769230769 0.3173076923076923 0.0673076923076923 0.10096153846153846
3 0.7463942307692307 0.32091346153846156 0.0625 0.07932692307692307
3 0.6454326923076923 0.5216346153846154 0.06009615384615385 0.07091346153846154
3 0.5444711538461539 0.6310096153846154 0.05889423076923077 0.06971153846153846
4 0.6682692307692307 0.7403846153846154 0.09254807692307693 0.09735576923076923
6 0.7788461538461539 0.7584134615384616 0.08413461538461539 0.08774038461538461
7 0.3125 0.7331730769230769 0.11177884615384616 0.09975961538461539
2 0.6502403846153846 0.42788461538461536 0.08052884615384616 0.09014423076923077