11 0.7776442307692307 0.09615384615384616 0.07932692307692307 0.10697115384615384
11 0.8377403846153846 0.8774038461538461 0.08413461538461539 0.08774038461538461
9 0.6658653846153846 0.11658653846153846 0.07091346153846154 0.08052884615384616
9 0.6790865384615384 0.2127403846153846 0.0673076923076923 0.0829326923076923
9 0.6778846153846154 0.31971153846153844 0.06490384615384616 0.07692307692307693
9 0.6899038461538461 0.4170673076923077 0.06370192307692307 0.0733173076923077
9 0.6923076923076923 0.5240384615384616 0.05889423076923077 0.06610576923076923
9 0.703125 0.6262019230769231 0.06009615384615385 0.0673076923076923
9 0.7043269230769231 0.7487980769230769 0.06490384615384616 0.06850961538461539
9 0.7079326923076923 0.8605769230769231 0.07451923076923077 0.0733173076923077
8 0.7860576923076923 0.19110576923076922 0.08774038461538461 0.11057692307692307
8 0.8197115384615384 0.6286057692307693 0.08052884615384616 0.08653846153846154
6 0.8221153846153846 0.7403846153846154 0.08052884615384616 0.08653846153846154
6 0.7944711538461539 0.29447115384615385 0.08052884615384616 0.09014423076923077
10 0.7860576923076923 0.39783653846153844 0.08533653846153846 0.10697115384615384
7 0.7992788461538461 0.5096153846153846 0.09615384615384616 0.0985576923076923
3 0.23677884615384615 0.20072115384615385 0.07211538461538461 0.06971153846153846
3 0.22716346153846154 0.28966346153846156 0.07211538461538461 0.06971153846153846
3 0.22716346153846154 0.3713942307692308 0.07211538461538461 0.06129807692307692
3 0.22716346153846154 0.4699519230769231 0.07211538461538461 0.06009615384615385
3 0.21634615384615385 0.5504807692307693 0.078125 0.06850961538461539
3 0.21394230769230768 0.6538461538461539 0.07692307692307693 0.055288461538461536
3 0.20793269230769232 0.7463942307692307 0.07692307692307693 0.07211538461538461
3 0.20673076923076922 0.8509615384615384 0.08052884615384616 0.07211538461538461
5 0.1466346153846154 0.21394230769230768 0.08653846153846154 0.07932692307692307
5 0.11057692307692307 0.8401442307692307 0.09735576923076923 0.07451923076923077
2 0.13701923076923078 0.296875 0.10576923076923077 0.07692307692307693
2 0.1201923076923077 0.7463942307692307 0.10096153846153846 0.06610576923076923
0 0.13822115384615385 0.38341346153846156 0.09735576923076923 0.06850961538461539
0 0.11899038461538461 0.6550480769230769 0.10576923076923077 0.07211538461538461
4 0.125 0.4639423076923077 0.12620192307692307 0.078125
1 0.109375 0.5576923076923077 0.14182692307692307 0.0733173076923077