9 0.8401442307692307 0.7151442307692307 0.0673076923076923 0.0733173076923077
9 0.71875 0.7259615384615384 0.0625 0.0673076923076923
9 0.6021634615384616 0.7235576923076923 0.05889423076923077 0.06850961538461539
9 0.49399038461538464 0.7259615384615384 0.05889423076923077 0.0673076923076923
9 0.38461538461538464 0.7259615384615384 0.0733173076923077 0.0625
9 0.2848557692307692 0.7307692307692307 0.07572115384615384 0.06490384615384616
9 0.17668269230769232 0.7271634615384616 0.07692307692307693 0.06370192307692307
9 0.08052884615384616 0.7259615384615384 0.08653846153846154 0.0625
3 0.7872596153846154 0.22956730769230768 0.06009615384615385 0.07932692307692307
3 0.6850961538461539 0.23557692307692307 0.054086538461538464 0.07692307692307693
3 0.5889423076923077 0.24278846153846154 0.055288461538461536 0.07932692307692307
3 0.49158653846153844 0.25600961538461536 0.057692307692307696 0.06971153846153846
3 0.41346153846153844 0.2536057692307692 0.052884615384615384 0.0733173076923077
3 0.32091346153846156 0.26802884615384615 0.06129807692307692 0.06850961538461539
3 0.23677884615384615 0.27283653846153844 0.0625 0.07451923076923077
3 0.14903846153846154 0.28125 0.0673076923076923 0.07091346153846154
11 0.8449519230769231 0.84375 0.0829326923076923 0.08173076923076923
11 0.051682692307692304 0.8401442307692307 0.10336538461538461 0.07572115384615384
8 0.7223557692307693 0.8473557692307693 0.08052884615384616 0.08052884615384616
8 0.25841346153846156 0.8473557692307693 0.1045673076923077 0.08173076923076923
6 0.609375 0.8485576923076923 0.07692307692307693 0.07692307692307693
6 0.15504807692307693 0.8353365384615384 0.10216346153846154 0.0733173076923077
10 0.48197115384615385 0.8269230769230769 0.10096153846153846 0.08533653846153846
7 0.36658653846153844 0.8305288461538461 0.11658653846153846 0.09134615384615384
5 0.7764423076923077 0.13341346153846154 0.07091346153846154 0.0985576923076923
5 0.1622596153846154 0.19591346153846154 0.07692307692307693 0.08533653846153846
2 0.6778846153846154 0.13701923076923078 0.06490384615384616 0.11057692307692307
2 0.23677884615384615 0.19471153846153846 0.08173076923076923 0.08533653846153846
0 0.5853365384615384 0.14903846153846154 0.06009615384615385 0.10697115384615384
0 0.3245192307692308 0.17427884615384615 0.0733173076923077 0.10336538461538461
4 0.49158653846153844 0.15264423076923078 0.07932692307692307 0.12860576923076922
1 0.40384615384615385 0.15264423076923078 0.09014423076923077 0.140625