5 0.8257211538461539 0.1658653846153846 0.07692307692307693 0.09254807692307693
5 0.18509615384615385 0.15264423076923078 0.07692307692307693 0.09254807692307693
4 0.5516826923076923 0.140625 0.06850961538461539 0.12860576923076922
1 0.4675480769230769 0.140625 0.06971153846153846 0.1466346153846154
2 0.28725961538461536 0.14423076923076922 0.078125 0.10216346153846154
2 0.6598557692307693 0.3329326923076923 0.07451923076923077 0.09254807692307693
0 0.5552884615384616 0.24278846153846154 0.06009615384615385 0.0985576923076923
0 0.5625 0.33052884615384615 0.06370192307692307 0.09254807692307693
3 0.8425480769230769 0.25600961538461536 0.06370192307692307 0.07572115384615384
3 0.7548076923076923 0.33774038461538464 0.06129807692307692 0.07692307692307693
3 0.18028846153846154 0.2403846153846154 0.06490384615384616 0.07451923076923077
3 0.25721153846153844 0.31850961538461536 0.06490384615384616 0.07572115384615384
3 0.3581730769230769 0.5096153846153846 0.06009615384615385 0.06490384615384616
3 0.45552884615384615 0.5096153846153846 0.057692307692307696 0.06370192307692307
3 0.5637019230769231 0.42788461538461536 0.055288461538461536 0.06850961538461539
9 0.8918269230769231 0.7223557692307693 0.08052884615384616 0.06490384615384616
9 0.6634615384615384 0.6069711538461539 0.0625 0.0673076923076923
9 0.5673076923076923 0.6117788461538461 0.06129807692307692 0.06971153846153846
9 0.4543269230769231 0.6201923076923077 0.06490384615384616 0.0625
9 0.14543269230769232 0.5120192307692307 0.07091346153846154 0.07211538461538461
9 0.23317307692307693 0.71875 0.06971153846153846 0.06610576923076923
9 0.33533653846153844 0.7223557692307693 0.0673076923076923 0.06129807692307692
6 0.7920673076923077 0.71875 0.0829326923076923 0.0733173076923077
6 0.4567307692307692 0.7163461538461539 0.06610576923076923 0.06850961538461539
11 0.9278846153846154 0.8377403846153846 0.10216346153846154 0.08173076923076923
11 0.10576923076923077 0.8341346153846154 0.0985576923076923 0.07692307692307693
8 0.12379807692307693 0.6129807692307693 0.10817307692307693 0.08173076923076923
8 0.8064903846153846 0.8449519230769231 0.109375 0.08052884615384616
10 0.5625 0.8341346153846154 0.07932692307692307 0.0889423076923077
7 0.45913461538461536 0.8293269230769231 0.08774038461538461 0.09975961538461539