1 0.23197115384615385 0.2980769230769231 0.08413461538461539 0.21634615384615385
5 0.43028846153846156 0.08653846153846154 0.057692307692307696 0.13221153846153846
0 0.49038461538461536 0.23197115384615385 0.06850961538461539 0.15625
3 0.31850961538461536 0.3425480769230769 0.054086538461538464 0.11538461538461539
3 0.3918269230769231 0.5408653846153846 0.05889423076923077 0.12139423076923077
3 0.45552884615384615 0.6622596153846154 0.05889423076923077 0.12860576923076922
3 0.5817307692307693 0.1814903846153846 0.057692307692307696 0.11899038461538461
2 0.6502403846153846 0.4387019230769231 0.07091346153846154 0.15264423076923078
2 0.7572115384615384 0.6382211538461539 0.07451923076923077 0.16105769230769232
8 0.7668269230769231 0.7848557692307693 0.07572115384615384 0.15384615384615385
11 0.8028846153846154 0.09014423076923077 0.06490384615384616 0.12980769230769232
10 0.6538461538461539 0.14783653846153846 0.06490384615384616 0.17908653846153846
7 0.8353365384615384 0.30528846153846156 0.08533653846153846 0.203125
6 0.5612980769230769 0.4266826923076923 0.0625 0.15865384615384615
9 0.6502403846153846 0.3269230769230769 0.051682692307692304 0.11298076923076923
9 0.7247596153846154 0.16706730769230768 0.056490384615384616 0.109375
9 0.7391826923076923 0.33653846153846156 0.05889423076923077 0.1201923076923077
9 0.6466346153846154 0.5625 0.06850961538461539 0.125