2 0.5901442307692307 0.13341346153846154 0.054086538461538464 0.12740384615384615
2 0.4411057692307692 0.3918269230769231 0.054086538461538464 0.140625
0 0.7103365384615384 0.6141826923076923 0.0625 0.1346153846153846
0 0.7584134615384616 0.21995192307692307 0.054086538461538464 0.13581730769230768
1 0.7908653846153846 0.36899038461538464 0.07451923076923077 0.19831730769230768
5 0.8377403846153846 0.7319711538461539 0.07451923076923077 0.14543269230769232
5 0.5877403846153846 0.0625 0.04927884615384615 0.11538461538461539
4 0.5997596153846154 0.2932692307692308 0.056490384615384616 0.16706730769230768
3 0.6634615384615384 0.14423076923076922 0.04326923076923077 0.09375
3 0.6754807692307693 0.23076923076923078 0.04567307692307692 0.10096153846153846
3 0.7079326923076923 0.5060096153846154 0.052884615384615384 0.0985576923076923
3 0.6995192307692307 0.4014423076923077 0.04567307692307692 0.10096153846153846
3 0.6177884615384616 0.6177884615384616 0.052884615384615384 0.11298076923076923
3 0.6442307692307693 0.7415865384615384 0.05048076923076923 0.11298076923076923
3 0.5180288461538461 0.06610576923076923 0.04326923076923077 0.09615384615384616
3 0.515625 0.30288461538461536 0.04326923076923077 0.0985576923076923
6 0.36177884615384615 0.054086538461538464 0.051682692307692304 0.10817307692307693
7 0.17307692307692307 0.36538461538461536 0.07211538461538461 0.1971153846153846
6 0.15745192307692307 0.48677884615384615 0.06129807692307692 0.13341346153846154
10 0.1875 0.27884615384615385 0.07091346153846154 0.17427884615384615
11 0.2548076923076923 0.7427884615384616 0.06610576923076923 0.13942307692307693
11 0.2091346153846154 0.055288461538461536 0.056490384615384616 0.109375
8 0.16466346153846154 0.5973557692307693 0.06971153846153846 0.14302884615384615
8 0.3629807692307692 0.19831730769230768 0.051682692307692304 0.12980769230769232
9 0.4362980769230769 0.30288461538461536 0.046875 0.10216346153846154
9 0.42788461538461536 0.140625 0.04807692307692308 0.10576923076923077
9 0.2848557692307692 0.056490384615384616 0.04326923076923077 0.10576923076923077
9 0.2824519230769231 0.22115384615384615 0.04447115384615385 0.10216346153846154
9 0.27403846153846156 0.40865384615384615 0.05048076923076923 0.0985576923076923
9 0.265625 0.5144230769230769 0.051682692307692304 0.09735576923076923
9 0.26322115384615385 0.6141826923076923 0.051682692307692304 0.10576923076923077
9 0.44711538461538464 0.7307692307692307 0.052884615384615384 0.1045673076923077