11 0.1971153846153846 0.08653846153846154 0.06971153846153846 0.12740384615384615
11 0.1971153846153846 0.08653846153846154 0.06971153846153846 0.12740384615384615
7 0.16466346153846154 0.4050480769230769 0.08774038461538461 0.22355769230769232
10 0.34615384615384615 0.1466346153846154 0.0673076923076923 0.18269230769230768
6 0.18389423076923078 0.15144230769230768 0.06009615384615385 0.14783653846153846
6 0.35697115384615385 0.42788461538461536 0.0673076923076923 0.1502403846153846
8 0.23197115384615385 0.7860576923076923 0.08413461538461539 0.16947115384615385
9 0.27283653846153844 0.16706730769230768 0.046875 0.12139423076923077
9 0.25841346153846156 0.3389423076923077 0.055288461538461536 0.109375
9 0.25721153846153844 0.4375 0.057692307692307696 0.12139423076923077
9 0.35697115384615385 0.5637019230769231 0.0625 0.1201923076923077
1 0.7704326923076923 0.30288461538461536 0.08533653846153846 0.2127403846153846
2 0.43990384615384615 0.7824519230769231 0.07572115384615384 0.15985576923076922
0 0.5997596153846154 0.15985576923076922 0.05048076923076923 0.13942307692307693
2 0.43990384615384615 0.24639423076923078 0.06370192307692307 0.13942307692307693
5 0.5709134615384616 0.0829326923076923 0.054086538461538464 0.12860576923076922
5 0.5024038461538461 0.1622596153846154 0.05889423076923077 0.13221153846153846
3 0.4182692307692308 0.18028846153846154 0.046875 0.10817307692307693
3 0.7439903846153846 0.78125 0.06610576923076923 0.11899038461538461
3 0.6838942307692307 0.3449519230769231 0.05048076923076923 0.10817307692307693
3 0.6069711538461539 0.5408653846153846 0.052884615384615384 0.1141826923076923
3 0.5432692307692307 0.6646634615384616 0.057692307692307696 0.11658653846153846