11 0.8028846153846154 0.08653846153846154 0.06971153846153846 0.12740384615384615
11 0.8028846153846154 0.08653846153846154 0.06971153846153846 0.12740384615384615
7 0.8353365384615384 0.4050480769230769 0.08774038461538461 0.22355769230769232
10 0.6538461538461539 0.1466346153846154 0.0673076923076923 0.18269230769230768
6 0.8161057692307693 0.15144230769230768 0.06009615384615385 0.14783653846153846
6 0.6430288461538461 0.42788461538461536 0.0673076923076923 0.1502403846153846
8 0.7680288461538461 0.7860576923076923 0.08413461538461539 0.16947115384615385
9 0.7271634615384616 0.16706730769230768 0.046875 0.12139423076923077
9 0.7415865384615384 0.3389423076923077 0.055288461538461536 0.109375
9 0.7427884615384616 0.4375 0.057692307692307696 0.12139423076923077
9 0.6430288461538461 0.5637019230769231 0.0625 0.1201923076923077
1 0.22956730769230768 0.30288461538461536 0.08533653846153846 0.2127403846153846
2 0.5600961538461539 0.7824519230769231 0.07572115384615384 0.15985576923076922
0 0.40024038461538464 0.15985576923076922 0.05048076923076923 0.13942307692307693
2 0.5600961538461539 0.24639423076923078 0.06370192307692307 0.13942307692307693
5 0.42908653846153844 0.0829326923076923 0.054086538461538464 0.12860576923076922
5 0.49759615384615385 0.1622596153846154 0.05889423076923077 0.13221153846153846
3 0.5817307692307693 0.18028846153846154 0.046875 0.10817307692307693
3 0.25600961538461536 0.78125 0.06610576923076923 0.11899038461538461
3 0.3161057692307692 0.3449519230769231 0.05048076923076923 0.10817307692307693
3 0.39302884615384615 0.5408653846153846 0.052884615384615384 0.1141826923076923
3 0.4567307692307692 0.6646634615384616 0.057692307692307696 0.11658653846153846