7 0.17548076923076922 0.36538461538461536 0.06610576923076923 0.19471153846153846
1 0.7884615384615384 0.36899038461538464 0.07211538461538461 0.18990384615384615
10 0.18990384615384615 0.2776442307692308 0.06370192307692307 0.17067307692307693
4 0.7836538461538461 0.2980769230769231 0.06971153846153846 0.1622596153846154
8 0.16706730769230768 0.6021634615384616 0.07091346153846154 0.13581730769230768
2 0.44471153846153844 0.3918269230769231 0.055288461538461536 0.1346153846153846
2 0.5901442307692307 0.1310096153846154 0.046875 0.1346153846153846
6 0.16105769230769232 0.49038461538461536 0.056490384615384616 0.13221153846153846
8 0.36658653846153844 0.19591346153846154 0.04807692307692308 0.13221153846153846
11 0.25600961538461536 0.7427884615384616 0.06129807692307692 0.13221153846153846
6 0.1935096153846154 0.203125 0.05048076923076923 0.1310096153846154
0 0.7512019230769231 0.21153846153846154 0.04567307692307692 0.1310096153846154
0 0.7091346153846154 0.6129807692307693 0.056490384615384616 0.12980769230769232
0 0.8413461538461539 0.7331730769230769 0.07091346153846154 0.125
0 0.7415865384615384 0.06490384615384616 0.04807692307692308 0.10817307692307693
9 0.4495192307692308 0.7403846153846154 0.05048076923076923 0.10817307692307693
3 0.6189903846153846 0.6153846153846154 0.051682692307692304 0.10697115384615384
3 0.6454326923076923 0.7403846153846154 0.04927884615384615 0.10576923076923077
9 0.26322115384615385 0.515625 0.056490384615384616 0.1045673076923077
11 0.2091346153846154 0.051682692307692304 0.04807692307692308 0.10336538461538461
9 0.2620192307692308 0.6165865384615384 0.05889423076923077 0.10336538461538461
9 0.27403846153846156 0.40865384615384615 0.057692307692307696 0.10096153846153846
9 0.2860576923076923 0.05889423076923077 0.042067307692307696 0.10096153846153846
9 0.2824519230769231 0.22235576923076922 0.046875 0.09975961538461539
3 0.7091346153846154 0.5084134615384616 0.05048076923076923 0.09975961538461539
3 0.5168269230769231 0.2980769230769231 0.04567307692307692 0.0985576923076923
3 0.6778846153846154 0.22716346153846154 0.042067307692307696 0.0985576923076923
9 0.43028846153846156 0.13942307692307693 0.042067307692307696 0.0985576923076923
9 0.2764423076923077 0.3088942307692308 0.046875 0.09735576923076923
3 0.6670673076923077 0.14543269230769232 0.042067307692307696 0.09254807692307693
3 0.6598557692307693 0.06129807692307692 0.038461538461538464 0.09134615384615384
3 0.7007211538461539 0.4014423076923077 0.046875 0.10576923076923077