5 0.8389423076923077 0.7295673076923077 0.07692307692307693 0.15745192307692307
1 0.8076923076923077 0.4879807692307692 0.08653846153846154 0.20552884615384615
4 0.5985576923076923 0.2932692307692308 0.0625 0.17307692307692307
3 0.6778846153846154 0.22956730769230768 0.04807692307692308 0.109375
3 0.6995192307692307 0.4026442307692308 0.052884615384615384 0.10697115384615384
3 0.6237980769230769 0.5036057692307693 0.055288461538461536 0.109375
3 0.5228365384615384 0.06370192307692307 0.03485576923076923 0.09735576923076923
3 0.5168269230769231 0.3016826923076923 0.04927884615384615 0.10336538461538461
2 0.4423076923076923 0.39302884615384615 0.0625 0.13822115384615385
8 0.5096153846153846 0.13581730769230768 0.052884615384615384 0.1346153846153846
6 0.44350961538461536 0.5985576923076923 0.057692307692307696 0.14543269230769232
7 0.26802884615384615 0.36778846153846156 0.07572115384615384 0.19591346153846154
10 0.3629807692307692 0.2920673076923077 0.05889423076923077 0.1814903846153846
8 0.3557692307692308 0.4879807692307692 0.0625 0.14543269230769232
11 0.20673076923076922 0.054086538461538464 0.052884615384615384 0.10817307692307693
9 0.28365384615384615 0.055288461538461536 0.046875 0.10096153846153846
9 0.2848557692307692 0.21634615384615385 0.05048076923076923 0.1045673076923077
9 0.4375 0.3004807692307692 0.04567307692307692 0.0985576923076923
9 0.44591346153846156 0.7355769230769231 0.06009615384615385 0.11057692307692307
9 0.26322115384615385 0.6141826923076923 0.057692307692307696 0.109375
11 0.2548076923076923 0.7427884615384616 0.078125 0.13822115384615385