0 0.7403846153846154 0.15745192307692307 0.04927884615384615 0.12980769230769232
0 0.5216346153846154 0.3269230769230769 0.04807692307692308 0.12980769230769232
4 0.7079326923076923 0.41225961538461536 0.051682692307692304 0.1658653846153846
2 0.7704326923076923 0.296875 0.07211538461538461 0.1875
5 0.8509615384615384 0.7836538461538461 0.0733173076923077 0.13822115384615385
5 0.7259615384615384 0.08413461538461539 0.052884615384615384 0.11778846153846154
2 0.8161057692307693 0.5456730769230769 0.07211538461538461 0.13581730769230768
3 0.6826923076923077 0.3425480769230769 0.04326923076923077 0.10216346153846154
2 0.6057692307692307 0.34375 0.06009615384615385 0.13701923076923078
3 0.6550480769230769 0.09254807692307693 0.042067307692307696 0.09975961538461539
3 0.5769230769230769 0.17668269230769232 0.04326923076923077 0.10216346153846154
3 0.5144230769230769 0.2620192307692308 0.042067307692307696 0.1045673076923077
3 0.5288461538461539 0.4483173076923077 0.05048076923076923 0.1045673076923077
3 0.7439903846153846 0.7824519230769231 0.051682692307692304 0.11298076923076923
3 0.5997596153846154 0.5456730769230769 0.04807692307692308 0.10817307692307693
3 0.5432692307692307 0.6670673076923077 0.052884615384615384 0.11057692307692307
8 0.35216346153846156 0.328125 0.057692307692307696 0.1310096153846154
11 0.3473557692307692 0.7776442307692307 0.06490384615384616 0.13701923076923078
11 0.19831730769230768 0.09134615384615384 0.04807692307692308 0.11658653846153846
6 0.18629807692307693 0.1502403846153846 0.055288461538461536 0.14182692307692307
6 0.14182692307692307 0.6622596153846154 0.06490384615384616 0.14182692307692307
7 0.16346153846153846 0.40865384615384615 0.07091346153846154 0.1971153846153846
9 0.4182692307692308 0.24639423076923078 0.04326923076923077 0.10216346153846154
10 0.27403846153846156 0.22115384615384615 0.0673076923076923 0.1658653846153846
9 0.41346153846153844 0.08653846153846154 0.042067307692307696 0.0985576923076923
9 0.27283653846153844 0.16346153846153846 0.042067307692307696 0.09735576923076923
9 0.2608173076923077 0.3389423076923077 0.04807692307692308 0.10216346153846154
9 0.2608173076923077 0.4375 0.052884615384615384 0.109375
9 0.24879807692307693 0.6670673076923077 0.046875 0.10096153846153846
9 0.43149038461538464 0.5540865384615384 0.04567307692307692 0.11538461538461539
9 0.4495192307692308 0.7884615384615384 0.056490384615384616 0.10817307692307693