5 0.4110576923076923 0.06490384615384616 0.054086538461538464 0.11177884615384616
5 0.15865384615384615 0.7295673076923077 0.0733173076923077 0.13942307692307693
1 0.21634615384615385 0.36658653846153844 0.0889423076923077 0.19831730769230768
4 0.40384615384615385 0.2932692307692308 0.06850961538461539 0.171875
3 0.33413461538461536 0.14182692307692307 0.04567307692307692 0.10576923076923077
3 0.32211538461538464 0.2283653846153846 0.04326923076923077 0.10576923076923077
3 0.3016826923076923 0.4026442307692308 0.05048076923076923 0.1045673076923077
3 0.2920673076923077 0.5072115384615384 0.04927884615384615 0.10576923076923077
3 0.4855769230769231 0.3004807692307692 0.04807692307692308 0.10216346153846154
3 0.4807692307692308 0.0673076923076923 0.04567307692307692 0.10336538461538461
2 0.4098557692307692 0.12980769230769232 0.046875 0.1310096153846154
2 0.5576923076923077 0.3954326923076923 0.0625 0.14182692307692307
6 0.7451923076923077 0.7451923076923077 0.06610576923076923 0.13942307692307693
6 0.8425480769230769 0.4891826923076923 0.0673076923076923 0.13822115384615385
11 0.7944711538461539 0.055288461538461536 0.0625 0.109375
7 0.828125 0.3641826923076923 0.07692307692307693 0.20192307692307693
10 0.640625 0.296875 0.07692307692307693 0.16826923076923078
8 0.6358173076923077 0.19230769230769232 0.052884615384615384 0.13581730769230768
8 0.8341346153846154 0.6009615384615384 0.0733173076923077 0.14182692307692307
9 0.5649038461538461 0.30408653846153844 0.04447115384615385 0.1045673076923077
9 0.7175480769230769 0.056490384615384616 0.04927884615384615 0.1045673076923077
9 0.7127403846153846 0.21514423076923078 0.051682692307692304 0.109375
9 0.7379807692307693 0.6153846153846154 0.06610576923076923 0.11538461538461539
9 0.5540865384615384 0.7331730769230769 0.0625 0.11658653846153846