1 0.7668269230769231 0.29927884615384615 0.07692307692307693 0.20072115384615385
5 0.8016826923076923 0.5300480769230769 0.07091346153846154 0.1346153846153846
5 0.7331730769230769 0.08533653846153846 0.054086538461538464 0.12620192307692307
2 0.5949519230769231 0.33653846153846156 0.057692307692307696 0.14182692307692307
2 0.6382211538461539 0.6550480769230769 0.07091346153846154 0.15264423076923078
3 0.7403846153846154 0.7836538461538461 0.06009615384615385 0.11538461538461539
4 0.5204326923076923 0.42427884615384615 0.06610576923076923 0.17427884615384615
3 0.5769230769230769 0.17427884615384615 0.05048076923076923 0.11298076923076923
3 0.6850961538461539 0.3449519230769231 0.046875 0.10817307692307693
3 0.6057692307692307 0.5396634615384616 0.052884615384615384 0.11177884615384616
3 0.5444711538461539 0.6658653846153846 0.046875 0.11177884615384616
3 0.515625 0.26322115384615385 0.04927884615384615 0.1045673076923077
0 0.6514423076923077 0.07932692307692307 0.052884615384615384 0.13822115384615385
0 0.359375 0.5384615384615384 0.06129807692307692 0.14903846153846154
10 0.34615384615384615 0.1466346153846154 0.0625 0.17427884615384615
7 0.16346153846153846 0.40625 0.08533653846153846 0.20432692307692307
8 0.23798076923076922 0.7872596153846154 0.06971153846153846 0.15504807692307693
11 0.19591346153846154 0.08653846153846154 0.051682692307692304 0.125
6 0.18870192307692307 0.14903846153846154 0.052884615384615384 0.14302884615384615
6 0.14182692307692307 0.6622596153846154 0.07091346153846154 0.1502403846153846
8 0.35216346153846156 0.3293269230769231 0.06370192307692307 0.14302884615384615
9 0.41225961538461536 0.08533653846153846 0.05048076923076923 0.109375
9 0.41586538461538464 0.2439903846153846 0.04807692307692308 0.11177884615384616
9 0.27283653846153844 0.1658653846153846 0.04927884615384615 0.10697115384615384
9 0.25841346153846156 0.33774038461538464 0.04927884615384615 0.1045673076923077
9 0.25841346153846156 0.4387019230769231 0.055288461538461536 0.11538461538461539
9 0.25 0.6646634615384616 0.054086538461538464 0.11298076923076923