0 0.40024038461538464 0.15865384615384615 0.057692307692307696 0.14302884615384615
1 0.23076923076923078 0.2956730769230769 0.08533653846153846 0.20793269230769232
5 0.484375 0.24519230769230768 0.06370192307692307 0.12259615384615384
2 0.5612980769230769 0.25 0.06370192307692307 0.1310096153846154
2 0.5600961538461539 0.7788461538461539 0.078125 0.15865384615384615
3 0.25841346153846156 0.7800480769230769 0.06490384615384616 0.13221153846153846
5 0.43149038461538464 0.08173076923076923 0.06009615384615385 0.12860576923076922
3 0.3173076923076923 0.34134615384615385 0.056490384615384616 0.11177884615384616
3 0.4579326923076923 0.6658653846153846 0.055288461538461536 0.12139423076923077
3 0.39302884615384615 0.5372596153846154 0.06129807692307692 0.12139423076923077
3 0.5084134615384616 0.17067307692307693 0.05048076923076923 0.11057692307692307
3 0.5805288461538461 0.1778846153846154 0.04567307692307692 0.11538461538461539
7 0.8365384615384616 0.40865384615384615 0.0829326923076923 0.20793269230769232
10 0.6538461538461539 0.14543269230769232 0.06129807692307692 0.17668269230769232
8 0.7644230769230769 0.7884615384615384 0.08173076923076923 0.15985576923076922
11 0.8016826923076923 0.08774038461538461 0.05889423076923077 0.12620192307692307
6 0.8125 0.1502403846153846 0.05889423076923077 0.1466346153846154
6 0.6430288461538461 0.42788461538461536 0.06129807692307692 0.14423076923076922
9 0.5865384615384616 0.08653846153846154 0.05048076923076923 0.109375
9 0.7271634615384616 0.1658653846153846 0.051682692307692304 0.10697115384615384
9 0.7391826923076923 0.3401442307692308 0.054086538461538464 0.11298076923076923
9 0.7391826923076923 0.4387019230769231 0.057692307692307696 0.11899038461538461
9 0.6454326923076923 0.5612980769230769 0.057692307692307696 0.1201923076923077