4 0.7824519230769231 0.29447115384615385 0.06850961538461539 0.15625
1 0.7860576923076923 0.36778846153846156 0.07211538461538461 0.18629807692307693
0 0.8088942307692307 0.49399038461538464 0.056490384615384616 0.12980769230769232
0 0.7536057692307693 0.21153846153846154 0.04807692307692308 0.125
2 0.7427884615384616 0.13822115384615385 0.057692307692307696 0.11057692307692307
2 0.8257211538461539 0.6129807692307693 0.07211538461538461 0.1201923076923077
5 0.7415865384615384 0.06490384615384616 0.046875 0.10216346153846154
5 0.8389423076923077 0.734375 0.0673076923076923 0.125
3 0.7391826923076923 0.7355769230769231 0.051682692307692304 0.10096153846153846
3 0.7235576923076923 0.6141826923076923 0.04927884615384615 0.10096153846153846
3 0.7103365384615384 0.5084134615384616 0.04326923076923077 0.09615384615384616
3 0.6983173076923077 0.4050480769230769 0.04447115384615385 0.09735576923076923
3 0.6850961538461539 0.3088942307692308 0.04567307692307692 0.09375
3 0.6754807692307693 0.22716346153846154 0.040865384615384616 0.09615384615384616
3 0.6658653846153846 0.1466346153846154 0.042067307692307696 0.08774038461538461
3 0.6610576923076923 0.06370192307692307 0.039663461538461536 0.09254807692307693
10 0.19110576923076922 0.2776442307692308 0.06129807692307692 0.1658653846153846
7 0.17548076923076922 0.3641826923076923 0.06490384615384616 0.19110576923076922
6 0.1935096153846154 0.20432692307692307 0.04807692307692308 0.1310096153846154
6 0.1622596153846154 0.4879807692307692 0.055288461538461536 0.12980769230769232
8 0.21153846153846154 0.12620192307692307 0.05048076923076923 0.12620192307692307
8 0.16706730769230768 0.6021634615384616 0.06490384615384616 0.140625
11 0.14423076923076922 0.7463942307692307 0.0625 0.13341346153846154
11 0.21033653846153846 0.051682692307692304 0.04567307692307692 0.10216346153846154
9 0.28725961538461536 0.056490384615384616 0.038461538461538464 0.09615384615384616
9 0.2848557692307692 0.13822115384615385 0.042067307692307696 0.08774038461538461
9 0.2824519230769231 0.2247596153846154 0.042067307692307696 0.09735576923076923
9 0.2776442307692308 0.3076923076923077 0.04807692307692308 0.0985576923076923
9 0.2776442307692308 0.4098557692307692 0.046875 0.0985576923076923
9 0.2644230769230769 0.5144230769230769 0.054086538461538464 0.10216346153846154
9 0.2644230769230769 0.6153846153846154 0.05048076923076923 0.10576923076923077
9 0.25240384615384615 0.7391826923076923 0.055288461538461536 0.10336538461538461