5 0.8401442307692307 0.7295673076923077 0.07692307692307693 0.15264423076923078
3 0.5192307692307693 0.06009615384615385 0.051682692307692304 0.10576923076923077
1 0.7896634615384616 0.36899038461538464 0.08413461538461539 0.20793269230769232
4 0.5973557692307693 0.29086538461538464 0.0673076923076923 0.18028846153846154
3 0.6995192307692307 0.4050480769230769 0.05889423076923077 0.10096153846153846
3 0.6754807692307693 0.23076923076923078 0.056490384615384616 0.09975961538461539
3 0.6646634615384616 0.14423076923076922 0.04807692307692308 0.1045673076923077
3 0.5180288461538461 0.30288461538461536 0.046875 0.10817307692307693
3 0.6262019230769231 0.515625 0.056490384615384616 0.1141826923076923
2 0.43990384615384615 0.3954326923076923 0.06971153846153846 0.14182692307692307
6 0.44350961538461536 0.6021634615384616 0.0673076923076923 0.1466346153846154
10 0.36177884615384615 0.29086538461538464 0.06610576923076923 0.18870192307692307
8 0.5096153846153846 0.13701923076923078 0.057692307692307696 0.1466346153846154
8 0.1658653846153846 0.6033653846153846 0.078125 0.14783653846153846
7 0.17067307692307693 0.3641826923076923 0.07932692307692307 0.20192307692307693
11 0.20552884615384615 0.056490384615384616 0.06490384615384616 0.11298076923076923
11 0.25600961538461536 0.7415865384615384 0.07572115384615384 0.13942307692307693
9 0.26322115384615385 0.6165865384615384 0.05889423076923077 0.11658653846153846
9 0.4387019230769231 0.3016826923076923 0.054086538461538464 0.10817307692307693
9 0.2848557692307692 0.056490384615384616 0.04807692307692308 0.10697115384615384
9 0.28725961538461536 0.22115384615384615 0.052884615384615384 0.09975961538461539
9 0.4519230769230769 0.734375 0.0625 0.12139423076923077