5 0.15985576923076922 0.7295673076923077 0.07692307692307693 0.15264423076923078
3 0.4807692307692308 0.06009615384615385 0.051682692307692304 0.10576923076923077
1 0.21033653846153846 0.36899038461538464 0.08413461538461539 0.20793269230769232
4 0.4026442307692308 0.29086538461538464 0.0673076923076923 0.18028846153846154
3 0.3004807692307692 0.4050480769230769 0.05889423076923077 0.10096153846153846
3 0.3245192307692308 0.23076923076923078 0.056490384615384616 0.09975961538461539
3 0.33533653846153844 0.14423076923076922 0.04807692307692308 0.1045673076923077
3 0.48197115384615385 0.30288461538461536 0.046875 0.10817307692307693
3 0.3737980769230769 0.515625 0.056490384615384616 0.1141826923076923
2 0.5600961538461539 0.3954326923076923 0.06971153846153846 0.14182692307692307
6 0.5564903846153846 0.6021634615384616 0.0673076923076923 0.1466346153846154
10 0.6382211538461539 0.29086538461538464 0.06610576923076923 0.18870192307692307
8 0.49038461538461536 0.13701923076923078 0.057692307692307696 0.1466346153846154
8 0.8341346153846154 0.6033653846153846 0.078125 0.14783653846153846
7 0.8293269230769231 0.3641826923076923 0.07932692307692307 0.20192307692307693
11 0.7944711538461539 0.056490384615384616 0.06490384615384616 0.11298076923076923
11 0.7439903846153846 0.7415865384615384 0.07572115384615384 0.13942307692307693
9 0.7367788461538461 0.6165865384615384 0.05889423076923077 0.11658653846153846
9 0.5612980769230769 0.3016826923076923 0.054086538461538464 0.10817307692307693
9 0.7151442307692307 0.056490384615384616 0.04807692307692308 0.10697115384615384
9 0.7127403846153846 0.22115384615384615 0.052884615384615384 0.09975961538461539
9 0.5480769230769231 0.734375 0.0625 0.12139423076923077