4 0.21153846153846154 0.28846153846153844 0.06009615384615385 0.14302884615384615
1 0.20673076923076922 0.36899038461538464 0.078125 0.18269230769230768
0 0.23798076923076922 0.21514423076923078 0.051682692307692304 0.12620192307692307
0 0.19591346153846154 0.4987980769230769 0.05889423076923077 0.12620192307692307
5 0.2536057692307692 0.13341346153846154 0.055288461538461536 0.1141826923076923
5 0.17307692307692307 0.609375 0.07091346153846154 0.12980769230769232
5 0.25721153846153844 0.0673076923076923 0.04807692307692308 0.10697115384615384
5 0.16105769230769232 0.734375 0.07451923076923077 0.12860576923076922
3 0.3401442307692308 0.06490384615384616 0.040865384615384616 0.09375
3 0.33533653846153844 0.14423076923076922 0.04326923076923077 0.09254807692307693
3 0.3245192307692308 0.2247596153846154 0.04567307692307692 0.09495192307692307
3 0.31490384615384615 0.30408653846153844 0.04567307692307692 0.10576923076923077
3 0.3004807692307692 0.39903846153846156 0.042067307692307696 0.10216346153846154
3 0.28846153846153844 0.5024038461538461 0.04326923076923077 0.10697115384615384
3 0.27524038461538464 0.6129807692307693 0.046875 0.10576923076923077
3 0.2608173076923077 0.734375 0.051682692307692304 0.11538461538461539
10 0.8112980769230769 0.27884615384615385 0.06490384615384616 0.16466346153846154
7 0.8257211538461539 0.3641826923076923 0.06850961538461539 0.19110576923076922
6 0.8076923076923077 0.20432692307692307 0.052884615384615384 0.12860576923076922
6 0.8401442307692307 0.4855769230769231 0.06009615384615385 0.13701923076923078
8 0.7992788461538461 0.12860576923076922 0.055288461538461536 0.11778846153846154
8 0.84375 0.6201923076923077 0.0673076923076923 0.13581730769230768
11 0.8569711538461539 0.7451923076923077 0.0673076923076923 0.140625
11 0.7908653846153846 0.052884615384615384 0.05048076923076923 0.10576923076923077
9 0.71875 0.056490384615384616 0.046875 0.08774038461538461
9 0.71875 0.13822115384615385 0.04807692307692308 0.09134615384615384
9 0.71875 0.22355769230769232 0.046875 0.09735576923076923
9 0.7271634615384616 0.3088942307692308 0.056490384615384616 0.0985576923076923
9 0.7271634615384616 0.4110576923076923 0.056490384615384616 0.1045673076923077
9 0.7379807692307693 0.5132211538461539 0.057692307692307696 0.09495192307692307
9 0.7391826923076923 0.6153846153846154 0.06129807692307692 0.10576923076923077
9 0.7487980769230769 0.7379807692307693 0.06129807692307692 0.1045673076923077