9 0.27403846153846156 0.16826923076923078 0.040865384615384616 0.09134615384615384
3 0.6826923076923077 0.34375 0.04326923076923077 0.0985576923076923
1 0.7704326923076923 0.296875 0.07091346153846154 0.20432692307692307
3 0.5120192307692307 0.25961538461538464 0.042067307692307696 0.09014423076923077
9 0.2692307692307692 0.09975961538461539 0.052884615384615384 0.10336538461538461
3 0.5745192307692307 0.17548076923076922 0.04807692307692308 0.09735576923076923
0 0.7355769230769231 0.16105769230769232 0.055288461538461536 0.12740384615384615
10 0.27524038461538464 0.21033653846153846 0.06971153846153846 0.12860576923076922
9 0.27163461538461536 0.33052884615384615 0.056490384615384616 0.12379807692307693
3 0.65625 0.09615384615384616 0.042067307692307696 0.09014423076923077
9 0.41466346153846156 0.24879807692307693 0.04567307692307692 0.10576923076923077
7 0.15985576923076922 0.40865384615384615 0.06971153846153846 0.18028846153846154
6 0.1875 0.1658653846153846 0.06490384615384616 0.14903846153846154
2 0.5144230769230769 0.3425480769230769 0.06129807692307692 0.12620192307692307
11 0.19230769230769232 0.10336538461538461 0.06610576923076923 0.1466346153846154
9 0.43509615384615385 0.5564903846153846 0.05889423076923077 0.11057692307692307
2 0.6009615384615384 0.33052884615384615 0.05889423076923077 0.13942307692307693
4 0.7091346153846154 0.4266826923076923 0.07211538461538461 0.15504807692307693
3 0.5492788461538461 0.6574519230769231 0.057692307692307696 0.10576923076923077
9 0.24879807692307693 0.6658653846153846 0.051682692307692304 0.1045673076923077
5 0.7199519230769231 0.08533653846153846 0.052884615384615384 0.0985576923076923
3 0.5997596153846154 0.5432692307692307 0.052884615384615384 0.11538461538461539
5 0.8485576923076923 0.7788461538461539 0.07211538461538461 0.14302884615384615
6 0.13581730769230768 0.6586538461538461 0.06971153846153846 0.14182692307692307
2 0.8137019230769231 0.5396634615384616 0.08052884615384616 0.12379807692307693
8 0.15745192307692307 0.5432692307692307 0.07091346153846154 0.1466346153846154
8 0.3485576923076923 0.3269230769230769 0.06129807692307692 0.14182692307692307
9 0.2620192307692308 0.4266826923076923 0.06129807692307692 0.12740384615384615
3 0.5288461538461539 0.453125 0.054086538461538464 0.11177884615384616
9 0.43990384615384615 0.7800480769230769 0.0625 0.11778846153846154
11 0.3485576923076923 0.7800480769230769 0.06971153846153846 0.14423076923076922
3 0.7463942307692307 0.7764423076923077 0.055288461538461536 0.11298076923076923