9 0.7259615384615384 0.16826923076923078 0.040865384615384616 0.09134615384615384
3 0.3173076923076923 0.34375 0.04326923076923077 0.0985576923076923
1 0.22956730769230768 0.296875 0.07091346153846154 0.20432692307692307
3 0.4879807692307692 0.25961538461538464 0.042067307692307696 0.09014423076923077
9 0.7307692307692307 0.09975961538461539 0.052884615384615384 0.10336538461538461
3 0.4254807692307692 0.17548076923076922 0.04807692307692308 0.09735576923076923
0 0.2644230769230769 0.16105769230769232 0.055288461538461536 0.12740384615384615
10 0.7247596153846154 0.21033653846153846 0.06971153846153846 0.12860576923076922
9 0.7283653846153846 0.33052884615384615 0.056490384615384616 0.12379807692307693
3 0.34375 0.09615384615384616 0.042067307692307696 0.09014423076923077
9 0.5853365384615384 0.24879807692307693 0.04567307692307692 0.10576923076923077
7 0.8401442307692307 0.40865384615384615 0.06971153846153846 0.18028846153846154
6 0.8125 0.1658653846153846 0.06490384615384616 0.14903846153846154
2 0.4855769230769231 0.3425480769230769 0.06129807692307692 0.12620192307692307
11 0.8076923076923077 0.10336538461538461 0.06610576923076923 0.1466346153846154
9 0.5649038461538461 0.5564903846153846 0.05889423076923077 0.11057692307692307
2 0.39903846153846156 0.33052884615384615 0.05889423076923077 0.13942307692307693
4 0.29086538461538464 0.4266826923076923 0.07211538461538461 0.15504807692307693
3 0.45072115384615385 0.6574519230769231 0.057692307692307696 0.10576923076923077
9 0.7512019230769231 0.6658653846153846 0.051682692307692304 0.1045673076923077
5 0.2800480769230769 0.08533653846153846 0.052884615384615384 0.0985576923076923
3 0.40024038461538464 0.5432692307692307 0.052884615384615384 0.11538461538461539
5 0.15144230769230768 0.7788461538461539 0.07211538461538461 0.14302884615384615
6 0.8641826923076923 0.6586538461538461 0.06971153846153846 0.14182692307692307
2 0.18629807692307693 0.5396634615384616 0.08052884615384616 0.12379807692307693
8 0.8425480769230769 0.5432692307692307 0.07091346153846154 0.1466346153846154
8 0.6514423076923077 0.3269230769230769 0.06129807692307692 0.14182692307692307
9 0.7379807692307693 0.4266826923076923 0.06129807692307692 0.12740384615384615
3 0.47115384615384615 0.453125 0.054086538461538464 0.11177884615384616
9 0.5600961538461539 0.7800480769230769 0.0625 0.11778846153846154
11 0.6514423076923077 0.7800480769230769 0.06971153846153846 0.14423076923076922
3 0.2536057692307692 0.7764423076923077 0.055288461538461536 0.11298076923076923