1 0.2283653846153846 0.2980769230769231 0.07091346153846154 0.19230769230769232
4 0.2956730769230769 0.4206730769230769 0.06850961538461539 0.17908653846153846
5 0.15384615384615385 0.7824519230769231 0.078125 0.1346153846153846
5 0.2668269230769231 0.08413461538461539 0.057692307692307696 0.11778846153846154
0 0.6418269230769231 0.5408653846153846 0.06370192307692307 0.14302884615384615
0 0.34975961538461536 0.07932692307692307 0.052884615384615384 0.14182692307692307
2 0.3942307692307692 0.3425480769230769 0.056490384615384616 0.14302884615384615
2 0.3545673076923077 0.6610576923076923 0.06610576923076923 0.1346153846153846
3 0.4026442307692308 0.5456730769230769 0.05889423076923077 0.11538461538461539
3 0.2608173076923077 0.7848557692307693 0.06129807692307692 0.11298076923076923
3 0.3173076923076923 0.34615384615384615 0.04326923076923077 0.10697115384615384
3 0.4230769230769231 0.1778846153846154 0.042067307692307696 0.10697115384615384
3 0.49278846153846156 0.09134615384615384 0.04807692307692308 0.1045673076923077
3 0.4855769230769231 0.2644230769230769 0.046875 0.11057692307692307
3 0.6454326923076923 0.4519230769230769 0.04567307692307692 0.10576923076923077
3 0.4567307692307692 0.6658653846153846 0.05048076923076923 0.1141826923076923
11 0.8028846153846154 0.09014423076923077 0.05048076923076923 0.11658653846153846
11 0.6550480769230769 0.7788461538461539 0.06490384615384616 0.14302884615384615
10 0.7259615384615384 0.22235576923076922 0.0673076923076923 0.16826923076923078
7 0.8389423076923077 0.40625 0.07211538461538461 0.19110576923076922
6 0.8137019230769231 0.15264423076923078 0.055288461538461536 0.13822115384615385
6 0.8569711538461539 0.6634615384615384 0.06850961538461539 0.13822115384615385
8 0.8365384615384616 0.546875 0.07451923076923077 0.13341346153846154
8 0.6478365384615384 0.3293269230769231 0.057692307692307696 0.12980769230769232
9 0.5817307692307693 0.24519230769230768 0.04807692307692308 0.10817307692307693
9 0.5889423076923077 0.08533653846153846 0.046875 0.1045673076923077
9 0.7271634615384616 0.1658653846153846 0.04807692307692308 0.0985576923076923
9 0.7391826923076923 0.34134615384615385 0.04807692307692308 0.10697115384615384
9 0.7536057692307693 0.6682692307692307 0.056490384615384616 0.1141826923076923
9 0.7403846153846154 0.4362980769230769 0.054086538461538464 0.11298076923076923
9 0.5685096153846154 0.5588942307692307 0.04807692307692308 0.11177884615384616
9 0.5540865384615384 0.7920673076923077 0.057692307692307696 0.11658653846153846