5 0.7319711538461539 0.08533653846153846 0.055288461538461536 0.12139423076923077
5 0.8485576923076923 0.7836538461538461 0.07572115384615384 0.13701923076923078
1 0.7728365384615384 0.29927884615384615 0.07211538461538461 0.19591346153846154
4 0.7091346153846154 0.4098557692307692 0.06610576923076923 0.1658653846153846
3 0.6826923076923077 0.34375 0.040865384615384616 0.1045673076923077
3 0.7439903846153846 0.7824519230769231 0.055288461538461536 0.109375
2 0.8173076923076923 0.546875 0.07211538461538461 0.12620192307692307
2 0.6069711538461539 0.34134615384615385 0.055288461538461536 0.13822115384615385
0 0.6526442307692307 0.08173076923076923 0.05048076923076923 0.13581730769230768
0 0.515625 0.33413461538461536 0.06129807692307692 0.13822115384615385
3 0.5072115384615384 0.09014423076923077 0.042067307692307696 0.09975961538461539
3 0.5769230769230769 0.17548076923076922 0.04326923076923077 0.10216346153846154
3 0.515625 0.265625 0.046875 0.10576923076923077
3 0.5336538461538461 0.44471153846153844 0.04447115384615385 0.1045673076923077
3 0.5997596153846154 0.5456730769230769 0.04807692307692308 0.11177884615384616
3 0.5432692307692307 0.6658653846153846 0.054086538461538464 0.11538461538461539
8 0.35096153846153844 0.3293269230769231 0.05889423076923077 0.13581730769230768
8 0.16105769230769232 0.5456730769230769 0.07572115384615384 0.1310096153846154
7 0.16466346153846154 0.4074519230769231 0.07091346153846154 0.1935096153846154
6 0.14302884615384615 0.6646634615384616 0.06610576923076923 0.13822115384615385
6 0.1875 0.15264423076923078 0.056490384615384616 0.13581730769230768
11 0.19831730769230768 0.09134615384615384 0.04807692307692308 0.12259615384615384
11 0.3473557692307692 0.7788461538461539 0.0673076923076923 0.13822115384615385
9 0.24639423076923078 0.6682692307692307 0.052884615384615384 0.11057692307692307
9 0.25961538461538464 0.4375 0.054086538461538464 0.10096153846153846
9 0.2620192307692308 0.34134615384615385 0.05048076923076923 0.10096153846153846
10 0.27403846153846156 0.22115384615384615 0.06971153846153846 0.16466346153846154
9 0.27524038461538464 0.16346153846153846 0.042067307692307696 0.09375
9 0.41346153846153844 0.08774038461538461 0.04447115384615385 0.10096153846153846
9 0.4170673076923077 0.24519230769230768 0.04567307692307692 0.10216346153846154
9 0.43028846153846156 0.5588942307692307 0.051682692307692304 0.10817307692307693
9 0.44711538461538464 0.7884615384615384 0.056490384615384616 0.1141826923076923