1 0.7680288461538461 0.3004807692307692 0.078125 0.20192307692307693
2 0.5949519230769231 0.3389423076923077 0.055288461538461536 0.14423076923076922
2 0.43990384615384615 0.7800480769230769 0.06610576923076923 0.15985576923076922
5 0.5697115384615384 0.07932692307692307 0.056490384615384616 0.12860576923076922
5 0.5228365384615384 0.4338942307692308 0.06129807692307692 0.13822115384615385
3 0.7415865384615384 0.78125 0.0625 0.12379807692307693
3 0.6826923076923077 0.3425480769230769 0.052884615384615384 0.109375
3 0.6081730769230769 0.5396634615384616 0.05048076923076923 0.11658653846153846
3 0.5420673076923077 0.6634615384615384 0.057692307692307696 0.1141826923076923
3 0.515625 0.2644230769230769 0.054086538461538464 0.10336538461538461
3 0.49158653846153844 0.171875 0.05048076923076923 0.109375
0 0.5973557692307693 0.15865384615384615 0.051682692307692304 0.1502403846153846
0 0.3545673076923077 0.5384615384615384 0.06850961538461539 0.14903846153846154
10 0.3473557692307692 0.14783653846153846 0.057692307692307696 0.17668269230769232
8 0.23798076923076922 0.7884615384615384 0.0733173076923077 0.1622596153846154
8 0.34975961538461536 0.3245192307692308 0.06009615384615385 0.13581730769230768
6 0.35697115384615385 0.43028846153846156 0.056490384615384616 0.13822115384615385
6 0.18509615384615385 0.1502403846153846 0.06850961538461539 0.14302884615384615
11 0.1971153846153846 0.09254807692307693 0.056490384615384616 0.12139423076923077
7 0.16466346153846154 0.4050480769230769 0.078125 0.203125
9 0.4110576923076923 0.08653846153846154 0.05048076923076923 0.109375
9 0.27524038461538464 0.16706730769230768 0.05048076923076923 0.1045673076923077
9 0.2608173076923077 0.33774038461538464 0.04927884615384615 0.10096153846153846
9 0.25961538461538464 0.43509615384615385 0.052884615384615384 0.11177884615384616
9 0.25 0.6670673076923077 0.05889423076923077 0.11538461538461539