0 0.2920673076923077 0.6141826923076923 0.07211538461538461 0.13581730769230768
1 0.21153846153846154 0.36658653846153844 0.08052884615384616 0.20192307692307693
4 0.40024038461538464 0.2932692307692308 0.06129807692307692 0.1778846153846154
5 0.1622596153846154 0.7331730769230769 0.08173076923076923 0.1346153846153846
5 0.4110576923076923 0.06490384615384616 0.04807692307692308 0.11658653846153846
3 0.33533653846153844 0.14302884615384615 0.04447115384615385 0.10576923076923077
3 0.3245192307692308 0.22596153846153846 0.04927884615384615 0.1045673076923077
3 0.29927884615384615 0.4026442307692308 0.054086538461538464 0.10697115384615384
3 0.2920673076923077 0.5060096153846154 0.052884615384615384 0.10817307692307693
3 0.359375 0.7403846153846154 0.057692307692307696 0.11778846153846154
3 0.48197115384615385 0.0673076923076923 0.04567307692307692 0.10817307692307693
3 0.4795673076923077 0.3004807692307692 0.046875 0.1045673076923077
2 0.4098557692307692 0.13341346153846154 0.051682692307692304 0.13581730769230768
2 0.5576923076923077 0.3954326923076923 0.056490384615384616 0.14423076923076922
10 0.6358173076923077 0.29447115384615385 0.06490384615384616 0.171875
11 0.7463942307692307 0.7391826923076923 0.0673076923076923 0.1310096153846154
11 0.7944711538461539 0.055288461538461536 0.06009615384615385 0.109375
7 0.8293269230769231 0.3629807692307692 0.07451923076923077 0.1935096153846154
6 0.8425480769230769 0.4879807692307692 0.06370192307692307 0.13701923076923078
8 0.6346153846153846 0.19110576923076922 0.054086538461538464 0.12980769230769232
8 0.8377403846153846 0.6033653846153846 0.07451923076923077 0.14302884615384615
9 0.5625 0.3004807692307692 0.04927884615384615 0.10576923076923077
9 0.7139423076923077 0.057692307692307696 0.04927884615384615 0.10336538461538461
9 0.7115384615384616 0.21634615384615385 0.04927884615384615 0.1045673076923077
9 0.7271634615384616 0.40865384615384615 0.06009615384615385 0.1045673076923077
9 0.7367788461538461 0.5132211538461539 0.056490384615384616 0.10336538461538461
9 0.7367788461538461 0.6165865384615384 0.057692307692307696 0.109375
9 0.5504807692307693 0.7379807692307693 0.055288461538461536 0.11778846153846154