8 0.5697115384615384 0.15865384615384615 0.05889423076923077 0.140625
8 0.765625 0.7908653846153846 0.07932692307692307 0.15985576923076922
7 0.8353365384615384 0.40865384615384615 0.08533653846153846 0.21394230769230768
10 0.65625 0.15144230769230768 0.06610576923076923 0.17548076923076922
11 0.8016826923076923 0.0889423076923077 0.06971153846153846 0.1310096153846154
6 0.8137019230769231 0.15144230769230768 0.06610576923076923 0.1466346153846154
6 0.6442307692307693 0.4266826923076923 0.06490384615384616 0.14903846153846154
9 0.5889423076923077 0.0829326923076923 0.056490384615384616 0.10576923076923077
9 0.7271634615384616 0.16466346153846154 0.052884615384615384 0.10216346153846154
9 0.7415865384615384 0.33533653846153844 0.057692307692307696 0.1141826923076923
9 0.7512019230769231 0.6634615384615384 0.057692307692307696 0.11778846153846154
9 0.7403846153846154 0.4362980769230769 0.056490384615384616 0.1201923076923077
1 0.23197115384615385 0.29927884615384615 0.08413461538461539 0.20673076923076922
2 0.4026442307692308 0.33653846153846156 0.05889423076923077 0.15144230769230768
2 0.5600961538461539 0.7824519230769231 0.07091346153846154 0.15384615384615385
5 0.43149038461538464 0.07692307692307693 0.054086538461538464 0.12980769230769232
5 0.4795673076923077 0.4362980769230769 0.0625 0.13942307692307693
0 0.40384615384615385 0.15865384615384615 0.04807692307692308 0.1502403846153846
0 0.640625 0.5432692307692307 0.0625 0.1502403846153846
3 0.4855769230769231 0.2644230769230769 0.04807692307692308 0.10817307692307693
3 0.5108173076923077 0.171875 0.05048076923076923 0.10216346153846154
3 0.3137019230769231 0.3473557692307692 0.052884615384615384 0.11177884615384616
3 0.25600961538461536 0.7848557692307693 0.06009615384615385 0.12139423076923077
3 0.39302884615384615 0.5408653846153846 0.051682692307692304 0.12740384615384615
3 0.4567307692307692 0.6622596153846154 0.057692307692307696 0.12379807692307693