8 0.43028846153846156 0.15865384615384615 0.05889423076923077 0.140625
8 0.234375 0.7908653846153846 0.07932692307692307 0.15985576923076922
7 0.16466346153846154 0.40865384615384615 0.08533653846153846 0.21394230769230768
10 0.34375 0.15144230769230768 0.06610576923076923 0.17548076923076922
11 0.19831730769230768 0.0889423076923077 0.06971153846153846 0.1310096153846154
6 0.18629807692307693 0.15144230769230768 0.06610576923076923 0.1466346153846154
6 0.3557692307692308 0.4266826923076923 0.06490384615384616 0.14903846153846154
9 0.4110576923076923 0.0829326923076923 0.056490384615384616 0.10576923076923077
9 0.27283653846153844 0.16466346153846154 0.052884615384615384 0.10216346153846154
9 0.25841346153846156 0.33533653846153844 0.057692307692307696 0.1141826923076923
9 0.24879807692307693 0.6634615384615384 0.057692307692307696 0.11778846153846154
9 0.25961538461538464 0.4362980769230769 0.056490384615384616 0.1201923076923077
1 0.7680288461538461 0.29927884615384615 0.08413461538461539 0.20673076923076922
2 0.5973557692307693 0.33653846153846156 0.05889423076923077 0.15144230769230768
2 0.43990384615384615 0.7824519230769231 0.07091346153846154 0.15384615384615385
5 0.5685096153846154 0.07692307692307693 0.054086538461538464 0.12980769230769232
5 0.5204326923076923 0.4362980769230769 0.0625 0.13942307692307693
0 0.5961538461538461 0.15865384615384615 0.04807692307692308 0.1502403846153846
0 0.359375 0.5432692307692307 0.0625 0.1502403846153846
3 0.5144230769230769 0.2644230769230769 0.04807692307692308 0.10817307692307693
3 0.4891826923076923 0.171875 0.05048076923076923 0.10216346153846154
3 0.6862980769230769 0.3473557692307692 0.052884615384615384 0.11177884615384616
3 0.7439903846153846 0.7848557692307693 0.06009615384615385 0.12139423076923077
3 0.6069711538461539 0.5408653846153846 0.051682692307692304 0.12740384615384615
3 0.5432692307692307 0.6622596153846154 0.057692307692307696 0.12379807692307693