4 0.5204326923076923 0.4206730769230769 0.06490384615384616 0.18509615384615385
2 0.5949519230769231 0.33413461538461536 0.054086538461538464 0.14543269230769232
2 0.6394230769230769 0.65625 0.06971153846153846 0.15504807692307693
1 0.7680288461538461 0.3004807692307692 0.07932692307692307 0.19591346153846154
5 0.7331730769230769 0.08533653846153846 0.056490384615384616 0.12740384615384615
5 0.8473557692307693 0.7836538461538461 0.07932692307692307 0.13942307692307693
3 0.7439903846153846 0.7836538461538461 0.06370192307692307 0.12259615384615384
3 0.6826923076923077 0.34375 0.052884615384615384 0.11538461538461539
3 0.5757211538461539 0.17548076923076922 0.04447115384615385 0.10576923076923077
3 0.6081730769230769 0.5396634615384616 0.054086538461538464 0.10697115384615384
3 0.5420673076923077 0.6634615384615384 0.056490384615384616 0.1141826923076923
3 0.5132211538461539 0.265625 0.04807692307692308 0.11658653846153846
0 0.6538461538461539 0.08052884615384616 0.052884615384615384 0.14182692307692307
0 0.35697115384615385 0.5384615384615384 0.06009615384615385 0.14783653846153846
11 0.1971153846153846 0.08533653846153846 0.056490384615384616 0.12860576923076922
7 0.16346153846153846 0.4014423076923077 0.07211538461538461 0.1971153846153846
8 0.34975961538461536 0.33052884615384615 0.06009615384615385 0.13822115384615385
8 0.1622596153846154 0.5456730769230769 0.07211538461538461 0.14182692307692307
6 0.1875 0.1502403846153846 0.057692307692307696 0.140625
6 0.14423076923076922 0.6598557692307693 0.0673076923076923 0.140625
10 0.27283653846153844 0.22115384615384615 0.0733173076923077 0.16105769230769232
9 0.27283653846153844 0.1658653846153846 0.04927884615384615 0.09975961538461539
9 0.41225961538461536 0.08653846153846154 0.04927884615384615 0.10216346153846154
9 0.4182692307692308 0.25 0.04567307692307692 0.10697115384615384
9 0.25961538461538464 0.3389423076923077 0.046875 0.10576923076923077
9 0.25841346153846156 0.43990384615384615 0.054086538461538464 0.11057692307692307
9 0.2512019230769231 0.6682692307692307 0.056490384615384616 0.11658653846153846