1 0.23317307692307693 0.2980769230769231 0.08173076923076923 0.20673076923076922
5 0.2692307692307692 0.08533653846153846 0.057692307692307696 0.125
5 0.19591346153846154 0.5324519230769231 0.07211538461538461 0.13221153846153846
0 0.3629807692307692 0.6586538461538461 0.06610576923076923 0.15625
0 0.40384615384615385 0.33533653846153844 0.057692307692307696 0.140625
4 0.4795673076923077 0.42427884615384615 0.06490384615384616 0.18028846153846154
3 0.48677884615384615 0.2644230769230769 0.04567307692307692 0.109375
3 0.25721153846153844 0.7836538461538461 0.05889423076923077 0.1201923076923077
3 0.3173076923076923 0.3425480769230769 0.051682692307692304 0.11177884615384616
3 0.39302884615384615 0.5420673076923077 0.057692307692307696 0.1141826923076923
3 0.45913461538461536 0.6670673076923077 0.05889423076923077 0.11538461538461539
3 0.5108173076923077 0.17548076923076922 0.052884615384615384 0.10216346153846154
0 0.4026442307692308 0.15745192307692307 0.06370192307692307 0.14903846153846154
0 0.6418269230769231 0.5384615384615384 0.06971153846153846 0.14182692307692307
10 0.6550480769230769 0.14783653846153846 0.06610576923076923 0.18028846153846154
11 0.8028846153846154 0.08653846153846154 0.05889423076923077 0.1201923076923077
8 0.7620192307692307 0.7920673076923077 0.07932692307692307 0.14903846153846154
8 0.6502403846153846 0.32572115384615385 0.06009615384615385 0.13341346153846154
6 0.6442307692307693 0.42788461538461536 0.054086538461538464 0.13221153846153846
6 0.8125 0.15144230769230768 0.057692307692307696 0.13942307692307693
7 0.8341346153846154 0.4098557692307692 0.08413461538461539 0.20673076923076922
9 0.5853365384615384 0.0889423076923077 0.04326923076923077 0.11177884615384616
9 0.5829326923076923 0.24759615384615385 0.04807692307692308 0.11177884615384616
9 0.7259615384615384 0.16947115384615385 0.05048076923076923 0.10817307692307693
9 0.7391826923076923 0.3389423076923077 0.051682692307692304 0.11298076923076923
9 0.7403846153846154 0.4387019230769231 0.052884615384615384 0.1141826923076923
9 0.75 0.6670673076923077 0.057692307692307696 0.11778846153846154