9 0.75 0.6658653846153846 0.055288461538461536 0.11298076923076923
3 0.4567307692307692 0.6670673076923077 0.05048076923076923 0.11298076923076923
2 0.5588942307692307 0.7788461538461539 0.0673076923076923 0.15384615384615385
3 0.25841346153846156 0.7836538461538461 0.06129807692307692 0.11538461538461539
8 0.765625 0.7860576923076923 0.07211538461538461 0.15625
5 0.42908653846153844 0.08052884615384616 0.051682692307692304 0.12259615384615384
9 0.5865384615384616 0.08413461538461539 0.046875 0.10817307692307693
11 0.8028846153846154 0.09134615384615384 0.06009615384615385 0.12740384615384615
10 0.6538461538461539 0.14543269230769232 0.06370192307692307 0.17427884615384615
6 0.8137019230769231 0.15144230769230768 0.06490384615384616 0.13822115384615385
0 0.4014423076923077 0.16105769230769232 0.05048076923076923 0.1466346153846154
9 0.7259615384615384 0.16466346153846154 0.046875 0.1141826923076923
3 0.5108173076923077 0.171875 0.04326923076923077 0.10096153846153846
3 0.4855769230769231 0.2644230769230769 0.042067307692307696 0.10576923076923077
1 0.23076923076923078 0.2932692307692308 0.08052884615384616 0.19831730769230768
8 0.6478365384615384 0.32572115384615385 0.06009615384615385 0.1346153846153846
2 0.4050480769230769 0.33533653846153844 0.057692307692307696 0.14182692307692307
9 0.7391826923076923 0.3389423076923077 0.052884615384615384 0.109375
3 0.31490384615384615 0.34134615384615385 0.046875 0.109375
7 0.8377403846153846 0.40865384615384615 0.078125 0.19831730769230768
6 0.6430288461538461 0.42427884615384615 0.051682692307692304 0.13221153846153846
5 0.21033653846153846 0.4362980769230769 0.07091346153846154 0.12980769230769232
9 0.7391826923076923 0.4375 0.06009615384615385 0.10697115384615384
3 0.3918269230769231 0.5384615384615384 0.052884615384615384 0.11538461538461539
0 0.6418269230769231 0.5396634615384616 0.055288461538461536 0.14302884615384615