10 0.7271634615384616 0.22115384615384615 0.07211538461538461 0.16466346153846154
1 0.22956730769230768 0.2980769230769231 0.07572115384615384 0.18990384615384615
0 0.3485576923076923 0.078125 0.052884615384615384 0.13822115384615385
5 0.26802884615384615 0.08533653846153846 0.054086538461538464 0.11658653846153846
3 0.3161057692307692 0.34375 0.04927884615384615 0.10096153846153846
5 0.15264423076923078 0.7836538461538461 0.07932692307692307 0.13581730769230768
3 0.25841346153846156 0.7860576923076923 0.06129807692307692 0.109375
2 0.35216346153846156 0.6622596153846154 0.0673076923076923 0.13221153846153846
2 0.3918269230769231 0.3425480769230769 0.052884615384615384 0.13341346153846154
4 0.4807692307692308 0.41947115384615385 0.0625 0.17427884615384615
3 0.45913461538461536 0.6682692307692307 0.055288461538461536 0.11177884615384616
3 0.4014423076923077 0.5456730769230769 0.04927884615384615 0.11057692307692307
3 0.4230769230769231 0.17427884615384615 0.04326923076923077 0.09975961538461539
3 0.49158653846153844 0.09014423076923077 0.037259615384615384 0.10216346153846154
3 0.48677884615384615 0.2620192307692308 0.04567307692307692 0.10216346153846154
3 0.6418269230769231 0.45072115384615385 0.046875 0.10697115384615384
0 0.640625 0.5384615384615384 0.056490384615384616 0.13822115384615385
7 0.8377403846153846 0.40625 0.07091346153846154 0.19471153846153846
11 0.8028846153846154 0.08774038461538461 0.051682692307692304 0.1201923076923077
8 0.6490384615384616 0.3293269230769231 0.05889423076923077 0.12860576923076922
8 0.8401442307692307 0.5456730769230769 0.06971153846153846 0.13221153846153846
6 0.8149038461538461 0.15144230769230768 0.052884615384615384 0.13942307692307693
6 0.8581730769230769 0.6622596153846154 0.0673076923076923 0.13822115384615385
9 0.7271634615384616 0.16466346153846154 0.04326923076923077 0.09254807692307693
9 0.7403846153846154 0.33533653846153844 0.05048076923076923 0.10096153846153846
9 0.7548076923076923 0.6682692307692307 0.057692307692307696 0.11538461538461539
9 0.7403846153846154 0.4375 0.05048076923076923 0.10576923076923077
9 0.5865384615384616 0.08653846153846154 0.04326923076923077 0.10096153846153846
9 0.5829326923076923 0.24519230769230768 0.04447115384615385 0.10576923076923077
9 0.5685096153846154 0.5576923076923077 0.046875 0.10697115384615384