10 0.27283653846153844 0.22115384615384615 0.07211538461538461 0.16466346153846154
1 0.7704326923076923 0.2980769230769231 0.07572115384615384 0.18990384615384615
0 0.6514423076923077 0.078125 0.052884615384615384 0.13822115384615385
5 0.7319711538461539 0.08533653846153846 0.054086538461538464 0.11658653846153846
3 0.6838942307692307 0.34375 0.04927884615384615 0.10096153846153846
5 0.8473557692307693 0.7836538461538461 0.07932692307692307 0.13581730769230768
3 0.7415865384615384 0.7860576923076923 0.06129807692307692 0.109375
2 0.6478365384615384 0.6622596153846154 0.0673076923076923 0.13221153846153846
2 0.6081730769230769 0.3425480769230769 0.052884615384615384 0.13341346153846154
4 0.5192307692307693 0.41947115384615385 0.0625 0.17427884615384615
3 0.5408653846153846 0.6682692307692307 0.055288461538461536 0.11177884615384616
3 0.5985576923076923 0.5456730769230769 0.04927884615384615 0.11057692307692307
3 0.5769230769230769 0.17427884615384615 0.04326923076923077 0.09975961538461539
3 0.5084134615384616 0.09014423076923077 0.037259615384615384 0.10216346153846154
3 0.5132211538461539 0.2620192307692308 0.04567307692307692 0.10216346153846154
3 0.3581730769230769 0.45072115384615385 0.046875 0.10697115384615384
0 0.359375 0.5384615384615384 0.056490384615384616 0.13822115384615385
7 0.1622596153846154 0.40625 0.07091346153846154 0.19471153846153846
11 0.1971153846153846 0.08774038461538461 0.051682692307692304 0.1201923076923077
8 0.35096153846153844 0.3293269230769231 0.05889423076923077 0.12860576923076922
8 0.15985576923076922 0.5456730769230769 0.06971153846153846 0.13221153846153846
6 0.18509615384615385 0.15144230769230768 0.052884615384615384 0.13942307692307693
6 0.14182692307692307 0.6622596153846154 0.0673076923076923 0.13822115384615385
9 0.27283653846153844 0.16466346153846154 0.04326923076923077 0.09254807692307693
9 0.25961538461538464 0.33533653846153844 0.05048076923076923 0.10096153846153846
9 0.24519230769230768 0.6682692307692307 0.057692307692307696 0.11538461538461539
9 0.25961538461538464 0.4375 0.05048076923076923 0.10576923076923077
9 0.41346153846153844 0.08653846153846154 0.04326923076923077 0.10096153846153846
9 0.4170673076923077 0.24519230769230768 0.04447115384615385 0.10576923076923077
9 0.43149038461538464 0.5576923076923077 0.046875 0.10697115384615384