1 0.7355769230769231 0.5997596153846154 0.08653846153846154 0.20552884615384615
5 0.8509615384615384 0.7451923076923077 0.07932692307692307 0.14903846153846154
2 0.45552884615384615 0.3858173076923077 0.07692307692307693 0.13822115384615385
4 0.6153846153846154 0.2920673076923077 0.06610576923076923 0.18389423076923078
3 0.6947115384615384 0.2247596153846154 0.054086538461538464 0.11778846153846154
3 0.5360576923076923 0.3004807692307692 0.05048076923076923 0.109375
3 0.6382211538461539 0.5096153846153846 0.05048076923076923 0.1141826923076923
11 0.6574519230769231 0.7211538461538461 0.07091346153846154 0.14423076923076922
8 0.5288461538461539 0.12860576923076922 0.0625 0.14302884615384615
7 0.28725961538461536 0.3581730769230769 0.07451923076923077 0.203125
11 0.23076923076923078 0.046875 0.06009615384615385 0.09375
10 0.3786057692307692 0.2800480769230769 0.056490384615384616 0.1778846153846154
9 0.4543269230769231 0.29447115384615385 0.056490384615384616 0.11899038461538461
9 0.30408653846153844 0.04927884615384615 0.05048076923076923 0.0985576923076923
9 0.30528846153846156 0.20192307692307693 0.052884615384615384 0.11177884615384616
9 0.2764423076923077 0.5997596153846154 0.057692307692307696 0.11177884615384616