1 0.2644230769230769 0.5997596153846154 0.08653846153846154 0.20552884615384615
5 0.14903846153846154 0.7451923076923077 0.07932692307692307 0.14903846153846154
2 0.5444711538461539 0.3858173076923077 0.07692307692307693 0.13822115384615385
4 0.38461538461538464 0.2920673076923077 0.06610576923076923 0.18389423076923078
3 0.30528846153846156 0.2247596153846154 0.054086538461538464 0.11778846153846154
3 0.4639423076923077 0.3004807692307692 0.05048076923076923 0.109375
3 0.36177884615384615 0.5096153846153846 0.05048076923076923 0.1141826923076923
11 0.3425480769230769 0.7211538461538461 0.07091346153846154 0.14423076923076922
8 0.47115384615384615 0.12860576923076922 0.0625 0.14302884615384615
7 0.7127403846153846 0.3581730769230769 0.07451923076923077 0.203125
11 0.7692307692307693 0.046875 0.06009615384615385 0.09375
10 0.6213942307692307 0.2800480769230769 0.056490384615384616 0.1778846153846154
9 0.5456730769230769 0.29447115384615385 0.056490384615384616 0.11899038461538461
9 0.6959134615384616 0.04927884615384615 0.05048076923076923 0.0985576923076923
9 0.6947115384615384 0.20192307692307693 0.052884615384615384 0.11177884615384616
9 0.7235576923076923 0.5997596153846154 0.057692307692307696 0.11177884615384616