5 0.15384615384615385 0.7824519230769231 0.07692307692307693 0.14182692307692307
1 0.3425480769230769 0.7439903846153846 0.08052884615384616 0.20793269230769232
4 0.4074519230769231 0.328125 0.07091346153846154 0.17548076923076922
3 0.3245192307692308 0.2536057692307692 0.05048076923076923 0.10576923076923077
3 0.37740384615384615 0.5456730769230769 0.057692307692307696 0.11057692307692307
3 0.48677884615384615 0.33653846153846156 0.05048076923076923 0.109375
7 0.6490384615384616 0.4074519230769231 0.07692307692307693 0.19831730769230768
11 0.8245192307692307 0.25 0.06610576923076923 0.12259615384615384
9 0.7307692307692307 0.0889423076923077 0.056490384615384616 0.1045673076923077
9 0.6442307692307693 0.1814903846153846 0.052884615384615384 0.109375
9 0.5709134615384616 0.3401442307692308 0.052884615384615384 0.10817307692307693
9 0.7463942307692307 0.6706730769230769 0.06009615384615385 0.12259615384615384