1 0.22956730769230768 0.3016826923076923 0.078125 0.1935096153846154
4 0.4795673076923077 0.4254807692307692 0.06370192307692307 0.17427884615384615
0 0.3485576923076923 0.08052884615384616 0.054086538461538464 0.13822115384615385
5 0.2668269230769231 0.08413461538461539 0.051682692307692304 0.11538461538461539
5 0.15264423076923078 0.7836538461538461 0.07932692307692307 0.13581730769230768
3 0.25841346153846156 0.7836538461538461 0.0625 0.11177884615384616
2 0.36177884615384615 0.6538461538461539 0.06971153846153846 0.15144230769230768
2 0.3954326923076923 0.3389423076923077 0.057692307692307696 0.13701923076923078
3 0.3161057692307692 0.34375 0.04807692307692308 0.10096153846153846
3 0.4206730769230769 0.17548076923076922 0.04567307692307692 0.10216346153846154
3 0.4855769230769231 0.2620192307692308 0.04567307692307692 0.10336538461538461
3 0.3918269230769231 0.5408653846153846 0.04807692307692308 0.10817307692307693
3 0.4579326923076923 0.6670673076923077 0.052884615384615384 0.109375
3 0.6430288461538461 0.4495192307692308 0.04807692307692308 0.0985576923076923
0 0.640625 0.5432692307692307 0.057692307692307696 0.140625
9 0.7271634615384616 0.16826923076923078 0.04567307692307692 0.1045673076923077
10 0.7223557692307693 0.22115384615384615 0.05889423076923077 0.1658653846153846
7 0.8377403846153846 0.40384615384615385 0.07211538461538461 0.18990384615384615
8 0.8377403846153846 0.5444711538461539 0.0733173076923077 0.13581730769230768
6 0.8149038461538461 0.15264423076923078 0.0673076923076923 0.13221153846153846
6 0.8569711538461539 0.6622596153846154 0.06490384615384616 0.13701923076923078
8 0.6466346153846154 0.3269230769230769 0.06129807692307692 0.1310096153846154
11 0.8040865384615384 0.08653846153846154 0.06370192307692307 0.12860576923076922
9 0.5877403846153846 0.08533653846153846 0.046875 0.10697115384615384
9 0.5829326923076923 0.24879807692307693 0.04807692307692308 0.10697115384615384
9 0.7403846153846154 0.33774038461538464 0.04927884615384615 0.10336538461538461
9 0.7415865384615384 0.4387019230769231 0.055288461538461536 0.1045673076923077
9 0.7548076923076923 0.6670673076923077 0.06009615384615385 0.11298076923076923
9 0.5709134615384616 0.5588942307692307 0.04807692307692308 0.10697115384615384