8 0.7560096153846154 0.6430288461538461 0.06971153846153846 0.15985576923076922
1 0.23076923076923078 0.30288461538461536 0.08173076923076923 0.203125
5 0.42788461538461536 0.08173076923076923 0.057692307692307696 0.1310096153846154
0 0.49399038461538464 0.23076923076923078 0.057692307692307696 0.1466346153846154
3 0.5805288461538461 0.18028846153846154 0.05048076923076923 0.10576923076923077
3 0.31490384615384615 0.3473557692307692 0.046875 0.11298076923076923
3 0.39302884615384615 0.5396634615384616 0.054086538461538464 0.12139423076923077
3 0.4579326923076923 0.6658653846153846 0.055288461538461536 0.11658653846153846
8 0.546875 0.6466346153846154 0.07091346153846154 0.15625
6 0.5600961538461539 0.42908653846153844 0.06009615384615385 0.15625
7 0.8365384615384616 0.3016826923076923 0.07572115384615384 0.20793269230769232
11 0.5661057692307693 0.078125 0.055288461538461536 0.12860576923076922
10 0.6538461538461539 0.14903846153846154 0.05889423076923077 0.17668269230769232
9 0.7271634615384616 0.16826923076923078 0.051682692307692304 0.109375
9 0.7403846153846154 0.34134615384615385 0.06009615384615385 0.11057692307692307
9 0.6514423076923077 0.3317307692307692 0.055288461538461536 0.11538461538461539
9 0.6430288461538461 0.5576923076923077 0.056490384615384616 0.125