5 0.15985576923076922 0.7331730769230769 0.07451923076923077 0.13701923076923078
1 0.1935096153846154 0.49158653846153844 0.09134615384615384 0.19591346153846154
4 0.4026442307692308 0.2920673076923077 0.06129807692307692 0.17668269230769232
2 0.5625 0.3942307692307692 0.06610576923076923 0.13701923076923078
3 0.3016826923076923 0.4050480769230769 0.05048076923076923 0.10697115384615384
3 0.3233173076923077 0.22596153846153846 0.046875 0.10576923076923077
3 0.3786057692307692 0.5048076923076923 0.052884615384615384 0.11658653846153846
3 0.4831730769230769 0.30649038461538464 0.042067307692307696 0.109375
3 0.6358173076923077 0.0625 0.04447115384615385 0.11177884615384616
10 0.6370192307692307 0.2920673076923077 0.05889423076923077 0.17427884615384615
7 0.7307692307692307 0.36899038461538464 0.07572115384615384 0.19831730769230768
8 0.6430288461538461 0.49158653846153844 0.056490384615384616 0.1502403846153846
6 0.5588942307692307 0.6021634615384616 0.0625 0.15144230769230768
8 0.49278846153846156 0.13341346153846154 0.055288461538461536 0.14302884615384615
11 0.35697115384615385 0.7211538461538461 0.0733173076923077 0.14783653846153846
11 0.7920673076923077 0.055288461538461536 0.056490384615384616 0.109375
9 0.5649038461538461 0.30408653846153844 0.04927884615384615 0.1045673076923077
9 0.7163461538461539 0.057692307692307696 0.05048076923076923 0.09735576923076923
9 0.7139423076923077 0.21634615384615385 0.05048076923076923 0.10336538461538461
9 0.7367788461538461 0.6129807692307693 0.06009615384615385 0.11658653846153846