10 0.6538461538461539 0.14903846153846154 0.0733173076923077 0.18028846153846154
6 0.8161057692307693 0.14903846153846154 0.0625 0.13822115384615385
11 0.8016826923076923 0.09014423076923077 0.06370192307692307 0.12740384615384615
7 0.8341346153846154 0.30528846153846156 0.07692307692307693 0.20552884615384615
8 0.7644230769230769 0.7908653846153846 0.08653846153846154 0.1658653846153846
9 0.7247596153846154 0.1658653846153846 0.06009615384615385 0.11899038461538461
9 0.7403846153846154 0.33774038461538464 0.056490384615384616 0.11298076923076923
9 0.7391826923076923 0.4387019230769231 0.05889423076923077 0.11778846153846154
9 0.6430288461538461 0.5625 0.06129807692307692 0.1141826923076923
1 0.23076923076923078 0.296875 0.08533653846153846 0.19951923076923078
0 0.4014423076923077 0.16105769230769232 0.06009615384615385 0.14182692307692307
2 0.7560096153846154 0.6382211538461539 0.07572115384615384 0.16466346153846154
2 0.6502403846153846 0.4362980769230769 0.0673076923076923 0.16466346153846154
5 0.42908653846153844 0.07932692307692307 0.056490384615384616 0.12740384615384615
5 0.4879807692307692 0.3425480769230769 0.06490384615384616 0.13581730769230768
3 0.5841346153846154 0.18509615384615385 0.05048076923076923 0.1141826923076923
3 0.3161057692307692 0.34134615384615385 0.04807692307692308 0.11538461538461539
3 0.4543269230769231 0.6646634615384616 0.06009615384615385 0.125
3 0.3954326923076923 0.5384615384615384 0.057692307692307696 0.125