10 0.34615384615384615 0.14903846153846154 0.0733173076923077 0.18028846153846154
6 0.18389423076923078 0.14903846153846154 0.0625 0.13822115384615385
11 0.19831730769230768 0.09014423076923077 0.06370192307692307 0.12740384615384615
7 0.1658653846153846 0.30528846153846156 0.07692307692307693 0.20552884615384615
8 0.23557692307692307 0.7908653846153846 0.08653846153846154 0.1658653846153846
9 0.27524038461538464 0.1658653846153846 0.06009615384615385 0.11899038461538461
9 0.25961538461538464 0.33774038461538464 0.056490384615384616 0.11298076923076923
9 0.2608173076923077 0.4387019230769231 0.05889423076923077 0.11778846153846154
9 0.35697115384615385 0.5625 0.06129807692307692 0.1141826923076923
1 0.7692307692307693 0.296875 0.08533653846153846 0.19951923076923078
0 0.5985576923076923 0.16105769230769232 0.06009615384615385 0.14182692307692307
2 0.2439903846153846 0.6382211538461539 0.07572115384615384 0.16466346153846154
2 0.34975961538461536 0.4362980769230769 0.0673076923076923 0.16466346153846154
5 0.5709134615384616 0.07932692307692307 0.056490384615384616 0.12740384615384615
5 0.5120192307692307 0.3425480769230769 0.06490384615384616 0.13581730769230768
3 0.41586538461538464 0.18509615384615385 0.05048076923076923 0.1141826923076923
3 0.6838942307692307 0.34134615384615385 0.04807692307692308 0.11538461538461539
3 0.5456730769230769 0.6646634615384616 0.06009615384615385 0.125
3 0.6045673076923077 0.5384615384615384 0.057692307692307696 0.125