4 0.7836538461538461 0.296875 0.0733173076923077 0.1622596153846154
1 0.7896634615384616 0.36899038461538464 0.07692307692307693 0.18870192307692307
0 0.7620192307692307 0.21514423076923078 0.051682692307692304 0.12860576923076922
0 0.8040865384615384 0.49759615384615385 0.05889423076923077 0.12860576923076922
2 0.7463942307692307 0.13701923076923078 0.055288461538461536 0.11899038461538461
2 0.8269230769230769 0.6129807692307693 0.07211538461538461 0.12379807692307693
5 0.7415865384615384 0.0673076923076923 0.04927884615384615 0.10216346153846154
5 0.8401442307692307 0.7331730769230769 0.06971153846153846 0.12259615384615384
3 0.7391826923076923 0.7355769230769231 0.05048076923076923 0.10216346153846154
3 0.7235576923076923 0.6141826923076923 0.051682692307692304 0.09735576923076923
3 0.7115384615384616 0.5096153846153846 0.05048076923076923 0.09615384615384616
3 0.6995192307692307 0.4050480769230769 0.04447115384615385 0.09495192307692307
3 0.6850961538461539 0.3076923076923077 0.04326923076923077 0.09495192307692307
3 0.6742788461538461 0.22716346153846154 0.04567307692307692 0.09375
3 0.6670673076923077 0.1466346153846154 0.042067307692307696 0.09254807692307693
3 0.6610576923076923 0.06129807692307692 0.038461538461538464 0.09735576923076923
10 0.18990384615384615 0.27884615384615385 0.06370192307692307 0.16706730769230768
7 0.17427884615384615 0.3641826923076923 0.0673076923076923 0.1935096153846154
6 0.19230769230769232 0.20432692307692307 0.05048076923076923 0.12860576923076922
6 0.15985576923076922 0.49038461538461536 0.06009615384615385 0.13701923076923078
8 0.19951923076923078 0.12860576923076922 0.056490384615384616 0.12139423076923077
8 0.15625 0.6225961538461539 0.06610576923076923 0.13221153846153846
11 0.2091346153846154 0.052884615384615384 0.04927884615384615 0.10576923076923077
11 0.140625 0.7487980769230769 0.07091346153846154 0.13581730769230768
9 0.2824519230769231 0.057692307692307696 0.04447115384615385 0.0889423076923077
9 0.28125 0.13942307692307693 0.04567307692307692 0.09014423076923077
9 0.28125 0.2247596153846154 0.04326923076923077 0.09735576923076923
9 0.27524038461538464 0.3076923076923077 0.05048076923076923 0.09735576923076923
9 0.27403846153846156 0.4098557692307692 0.054086538461538464 0.10096153846153846
9 0.2644230769230769 0.5120192307692307 0.054086538461538464 0.0985576923076923
9 0.2644230769230769 0.6129807692307693 0.051682692307692304 0.10697115384615384
9 0.2548076923076923 0.734375 0.051682692307692304 0.11177884615384616