4 0.21634615384615385 0.296875 0.0733173076923077 0.1622596153846154
1 0.21033653846153846 0.36899038461538464 0.07692307692307693 0.18870192307692307
0 0.23798076923076922 0.21514423076923078 0.051682692307692304 0.12860576923076922
0 0.19591346153846154 0.49759615384615385 0.05889423076923077 0.12860576923076922
2 0.2536057692307692 0.13701923076923078 0.055288461538461536 0.11899038461538461
2 0.17307692307692307 0.6129807692307693 0.07211538461538461 0.12379807692307693
5 0.25841346153846156 0.0673076923076923 0.04927884615384615 0.10216346153846154
5 0.15985576923076922 0.7331730769230769 0.06971153846153846 0.12259615384615384
3 0.2608173076923077 0.7355769230769231 0.05048076923076923 0.10216346153846154
3 0.2764423076923077 0.6141826923076923 0.051682692307692304 0.09735576923076923
3 0.28846153846153844 0.5096153846153846 0.05048076923076923 0.09615384615384616
3 0.3004807692307692 0.4050480769230769 0.04447115384615385 0.09495192307692307
3 0.31490384615384615 0.3076923076923077 0.04326923076923077 0.09495192307692307
3 0.32572115384615385 0.22716346153846154 0.04567307692307692 0.09375
3 0.3329326923076923 0.1466346153846154 0.042067307692307696 0.09254807692307693
3 0.3389423076923077 0.06129807692307692 0.038461538461538464 0.09735576923076923
10 0.8100961538461539 0.27884615384615385 0.06370192307692307 0.16706730769230768
7 0.8257211538461539 0.3641826923076923 0.0673076923076923 0.1935096153846154
6 0.8076923076923077 0.20432692307692307 0.05048076923076923 0.12860576923076922
6 0.8401442307692307 0.49038461538461536 0.06009615384615385 0.13701923076923078
8 0.8004807692307693 0.12860576923076922 0.056490384615384616 0.12139423076923077
8 0.84375 0.6225961538461539 0.06610576923076923 0.13221153846153846
11 0.7908653846153846 0.052884615384615384 0.04927884615384615 0.10576923076923077
11 0.859375 0.7487980769230769 0.07091346153846154 0.13581730769230768
9 0.7175480769230769 0.057692307692307696 0.04447115384615385 0.0889423076923077
9 0.71875 0.13942307692307693 0.04567307692307692 0.09014423076923077
9 0.71875 0.2247596153846154 0.04326923076923077 0.09735576923076923
9 0.7247596153846154 0.3076923076923077 0.05048076923076923 0.09735576923076923
9 0.7259615384615384 0.4098557692307692 0.054086538461538464 0.10096153846153846
9 0.7355769230769231 0.5120192307692307 0.054086538461538464 0.0985576923076923
9 0.7355769230769231 0.6129807692307693 0.051682692307692304 0.10697115384615384
9 0.7451923076923077 0.734375 0.051682692307692304 0.11177884615384616