10 0.34375 0.1466346153846154 0.06850961538461539 0.18028846153846154
11 0.19831730769230768 0.09134615384615384 0.06370192307692307 0.12980769230769232
6 0.18870192307692307 0.1502403846153846 0.0625 0.14543269230769232
7 0.1658653846153846 0.30649038461538464 0.07451923076923077 0.20552884615384615
8 0.23918269230769232 0.7884615384615384 0.08413461538461539 0.1622596153846154
9 0.27163461538461536 0.16346153846153846 0.054086538461538464 0.109375
9 0.25721153846153844 0.33774038461538464 0.052884615384615384 0.10697115384615384
9 0.25961538461538464 0.43509615384615385 0.0625 0.11177884615384616
9 0.359375 0.5625 0.06009615384615385 0.11538461538461539
1 0.7716346153846154 0.3004807692307692 0.08533653846153846 0.20192307692307693
5 0.5733173076923077 0.08052884615384616 0.06009615384615385 0.12980769230769232
0 0.5060096153846154 0.22956730769230768 0.0625 0.15384615384615385
5 0.5108173076923077 0.3449519230769231 0.0625 0.125
2 0.35096153846153844 0.43028846153846156 0.0733173076923077 0.15985576923076922
2 0.24158653846153846 0.6394230769230769 0.07211538461538461 0.15625
3 0.4182692307692308 0.17668269230769232 0.04927884615384615 0.11177884615384616
3 0.5420673076923077 0.6658653846153846 0.057692307692307696 0.1141826923076923
3 0.6850961538461539 0.34134615384615385 0.052884615384615384 0.11177884615384616
3 0.609375 0.5408653846153846 0.054086538461538464 0.11298076923076923