11 0.4387019230769231 0.2536057692307692 0.057692307692307696 0.12860576923076922
7 0.35216346153846156 0.4110576923076923 0.0733173076923077 0.20192307692307693
9 0.4266826923076923 0.3401442307692308 0.052884615384615384 0.11057692307692307
9 0.3545673076923077 0.17908653846153846 0.052884615384615384 0.109375
9 0.2692307692307692 0.0889423076923077 0.051682692307692304 0.10576923076923077
9 0.2548076923076923 0.6730769230769231 0.05889423076923077 0.11538461538461539
1 0.6574519230769231 0.7475961538461539 0.08173076923076923 0.20793269230769232
5 0.8461538461538461 0.7848557692307693 0.078125 0.13942307692307693
4 0.59375 0.3245192307692308 0.06370192307692307 0.1814903846153846
3 0.6766826923076923 0.2548076923076923 0.04326923076923077 0.10576923076923077
3 0.5132211538461539 0.33774038461538464 0.04567307692307692 0.10576923076923077
3 0.6225961538461539 0.546875 0.052884615384615384 0.11177884615384616