11 0.5612980769230769 0.2536057692307692 0.057692307692307696 0.12860576923076922
7 0.6478365384615384 0.4110576923076923 0.0733173076923077 0.20192307692307693
9 0.5733173076923077 0.3401442307692308 0.052884615384615384 0.11057692307692307
9 0.6454326923076923 0.17908653846153846 0.052884615384615384 0.109375
9 0.7307692307692307 0.0889423076923077 0.051682692307692304 0.10576923076923077
9 0.7451923076923077 0.6730769230769231 0.05889423076923077 0.11538461538461539
1 0.3425480769230769 0.7475961538461539 0.08173076923076923 0.20793269230769232
5 0.15384615384615385 0.7848557692307693 0.078125 0.13942307692307693
4 0.40625 0.3245192307692308 0.06370192307692307 0.1814903846153846
3 0.3233173076923077 0.2548076923076923 0.04326923076923077 0.10576923076923077
3 0.48677884615384615 0.33774038461538464 0.04567307692307692 0.10576923076923077
3 0.37740384615384615 0.546875 0.052884615384615384 0.11177884615384616