1 0.7692307692307693 0.3016826923076923 0.07211538461538461 0.18870192307692307
4 0.7908653846153846 0.40384615384615385 0.0733173076923077 0.16826923076923078
2 0.8149038461538461 0.5396634615384616 0.06971153846153846 0.125
2 0.7668269230769231 0.24639423076923078 0.06370192307692307 0.1201923076923077
0 0.8233173076923077 0.6550480769230769 0.06610576923076923 0.13942307692307693
0 0.7415865384615384 0.15504807692307693 0.05048076923076923 0.13822115384615385
5 0.7271634615384616 0.08413461538461539 0.054086538461538464 0.11538461538461539
5 0.8485576923076923 0.7860576923076923 0.078125 0.13341346153846154
3 0.7439903846153846 0.7860576923076923 0.056490384615384616 0.10817307692307693
3 0.7235576923076923 0.6454326923076923 0.052884615384615384 0.10817307692307693
3 0.6995192307692307 0.5456730769230769 0.051682692307692304 0.10216346153846154
3 0.6959134615384616 0.43028846153846156 0.04807692307692308 0.09975961538461539
3 0.6778846153846154 0.34375 0.056490384615384616 0.10096153846153846
3 0.6754807692307693 0.2692307692307692 0.04807692307692308 0.10096153846153846
3 0.6538461538461539 0.17908653846153846 0.046875 0.0985576923076923
3 0.6526442307692307 0.09014423076923077 0.042067307692307696 0.10096153846153846
10 0.17668269230769232 0.3269230769230769 0.06850961538461539 0.17427884615384615
7 0.16105769230769232 0.4074519230769231 0.07451923076923077 0.19471153846153846
8 0.16947115384615385 0.24639423076923078 0.06009615384615385 0.12139423076923077
8 0.15745192307692307 0.5432692307692307 0.078125 0.13701923076923078
6 0.18509615384615385 0.1466346153846154 0.05889423076923077 0.14302884615384615
6 0.140625 0.6622596153846154 0.06850961538461539 0.14302884615384615
11 0.19471153846153846 0.09134615384615384 0.056490384615384616 0.11658653846153846
11 0.13341346153846154 0.8076923076923077 0.07692307692307693 0.13822115384615385
9 0.2668269230769231 0.09134615384615384 0.04927884615384615 0.09975961538461539
9 0.27283653846153844 0.16947115384615385 0.04807692307692308 0.1045673076923077
9 0.2608173076923077 0.25600961538461536 0.05048076923076923 0.10336538461538461
9 0.25841346153846156 0.3401442307692308 0.052884615384615384 0.10216346153846154
9 0.25961538461538464 0.4375 0.056490384615384616 0.109375
9 0.23918269230769232 0.8028846153846154 0.06129807692307692 0.109375
9 0.2439903846153846 0.6646634615384616 0.05889423076923077 0.11658653846153846
9 0.43149038461538464 0.5576923076923077 0.052884615384615384 0.11298076923076923