5 0.15144230769230768 0.78125 0.07692307692307693 0.13701923076923078
1 0.23197115384615385 0.29927884615384615 0.07451923076923077 0.20432692307692307
5 0.2668269230769231 0.08533653846153846 0.055288461538461536 0.12139423076923077
4 0.48197115384615385 0.4230769230769231 0.06009615384615385 0.17668269230769232
2 0.3641826923076923 0.65625 0.06370192307692307 0.14903846153846154
2 0.40384615384615385 0.33533653846153844 0.055288461538461536 0.13822115384615385
3 0.25721153846153844 0.7824519230769231 0.056490384615384616 0.11778846153846154
3 0.3942307692307692 0.5384615384615384 0.051682692307692304 0.1045673076923077
3 0.4579326923076923 0.6658653846153846 0.052884615384615384 0.109375
3 0.31490384615384615 0.34615384615384615 0.05048076923076923 0.10697115384615384
3 0.4855769230769231 0.2644230769230769 0.052884615384615384 0.10697115384615384
3 0.42427884615384615 0.17427884615384615 0.051682692307692304 0.10576923076923077
0 0.3485576923076923 0.07932692307692307 0.052884615384615384 0.13701923076923078
0 0.6418269230769231 0.5432692307692307 0.057692307692307696 0.14423076923076922
6 0.8161057692307693 0.15144230769230768 0.06009615384615385 0.13942307692307693
11 0.8028846153846154 0.09014423076923077 0.051682692307692304 0.11778846153846154
7 0.8377403846153846 0.4050480769230769 0.07451923076923077 0.1971153846153846
10 0.65625 0.1466346153846154 0.0625 0.17908653846153846
8 0.6502403846153846 0.33052884615384615 0.06009615384615385 0.13341346153846154
8 0.8377403846153846 0.5456730769230769 0.0733173076923077 0.1346153846153846
6 0.8569711538461539 0.6610576923076923 0.06971153846153846 0.14423076923076922
9 0.75 0.6694711538461539 0.055288461538461536 0.11298076923076923
9 0.7415865384615384 0.43990384615384615 0.0625 0.10817307692307693
9 0.7415865384615384 0.3389423076923077 0.05048076923076923 0.11057692307692307
9 0.7271634615384616 0.171875 0.052884615384615384 0.109375
9 0.5865384615384616 0.08653846153846154 0.04927884615384615 0.10697115384615384
9 0.5805288461538461 0.24639423076923078 0.05048076923076923 0.1045673076923077