5 0.8485576923076923 0.78125 0.07692307692307693 0.13701923076923078
1 0.7680288461538461 0.29927884615384615 0.07451923076923077 0.20432692307692307
5 0.7331730769230769 0.08533653846153846 0.055288461538461536 0.12139423076923077
4 0.5180288461538461 0.4230769230769231 0.06009615384615385 0.17668269230769232
2 0.6358173076923077 0.65625 0.06370192307692307 0.14903846153846154
2 0.5961538461538461 0.33533653846153844 0.055288461538461536 0.13822115384615385
3 0.7427884615384616 0.7824519230769231 0.056490384615384616 0.11778846153846154
3 0.6057692307692307 0.5384615384615384 0.051682692307692304 0.1045673076923077
3 0.5420673076923077 0.6658653846153846 0.052884615384615384 0.109375
3 0.6850961538461539 0.34615384615384615 0.05048076923076923 0.10697115384615384
3 0.5144230769230769 0.2644230769230769 0.052884615384615384 0.10697115384615384
3 0.5757211538461539 0.17427884615384615 0.051682692307692304 0.10576923076923077
0 0.6514423076923077 0.07932692307692307 0.052884615384615384 0.13701923076923078
0 0.3581730769230769 0.5432692307692307 0.057692307692307696 0.14423076923076922
6 0.18389423076923078 0.15144230769230768 0.06009615384615385 0.13942307692307693
11 0.1971153846153846 0.09014423076923077 0.051682692307692304 0.11778846153846154
7 0.1622596153846154 0.4050480769230769 0.07451923076923077 0.1971153846153846
10 0.34375 0.1466346153846154 0.0625 0.17908653846153846
8 0.34975961538461536 0.33052884615384615 0.06009615384615385 0.13341346153846154
8 0.1622596153846154 0.5456730769230769 0.0733173076923077 0.1346153846153846
6 0.14302884615384615 0.6610576923076923 0.06971153846153846 0.14423076923076922
9 0.25 0.6694711538461539 0.055288461538461536 0.11298076923076923
9 0.25841346153846156 0.43990384615384615 0.0625 0.10817307692307693
9 0.25841346153846156 0.3389423076923077 0.05048076923076923 0.11057692307692307
9 0.27283653846153844 0.171875 0.052884615384615384 0.109375
9 0.41346153846153844 0.08653846153846154 0.04927884615384615 0.10697115384615384
9 0.41947115384615385 0.24639423076923078 0.05048076923076923 0.1045673076923077