11 0.6454326923076923 0.7776442307692307 0.07091346153846154 0.140625
5 0.8449519230769231 0.7800480769230769 0.07451923076923077 0.13581730769230768
1 0.7247596153846154 0.6370192307692307 0.08173076923076923 0.2091346153846154
4 0.59375 0.3269230769230769 0.06971153846153846 0.17668269230769232
3 0.6766826923076923 0.2548076923076923 0.046875 0.10576923076923077
3 0.6201923076923077 0.5492788461538461 0.055288461538461536 0.11538461538461539
3 0.5120192307692307 0.33774038461538464 0.04927884615384615 0.10216346153846154
5 0.265625 0.5420673076923077 0.0625 0.14182692307692307
7 0.35336538461538464 0.4098557692307692 0.07572115384615384 0.19471153846153846
11 0.17427884615384615 0.25240384615384615 0.0673076923076923 0.12620192307692307
9 0.42908653846153844 0.3389423076923077 0.05048076923076923 0.10817307692307693
9 0.3557692307692308 0.18389423076923078 0.04807692307692308 0.10817307692307693
9 0.26802884615384615 0.08774038461538461 0.04927884615384615 0.1045673076923077
9 0.2548076923076923 0.6706730769230769 0.06009615384615385 0.109375