5 0.5865384615384616 0.06850961538461539 0.052884615384615384 0.12259615384615384
5 0.8401442307692307 0.7355769230769231 0.07451923076923077 0.13822115384615385
1 0.7896634615384616 0.3701923076923077 0.07932692307692307 0.19831730769230768
4 0.5973557692307693 0.29086538461538464 0.06971153846153846 0.171875
3 0.6634615384615384 0.14423076923076922 0.04447115384615385 0.10096153846153846
3 0.6754807692307693 0.22716346153846154 0.04567307692307692 0.10697115384615384
3 0.6983173076923077 0.40024038461538464 0.052884615384615384 0.11298076923076923
3 0.6213942307692307 0.5048076923076923 0.05048076923076923 0.10817307692307693
3 0.5168269230769231 0.3016826923076923 0.054086538461538464 0.10697115384615384
3 0.5168269230769231 0.06490384615384616 0.04567307692307692 0.09975961538461539
2 0.5901442307692307 0.1346153846153846 0.04927884615384615 0.13341346153846154
2 0.4375 0.3942307692307692 0.06971153846153846 0.13942307692307693
10 0.3605769230769231 0.2956730769230769 0.07091346153846154 0.16947115384615385
11 0.20673076923076922 0.056490384615384616 0.05889423076923077 0.11177884615384616
11 0.2548076923076923 0.7451923076923077 0.06971153846153846 0.13701923076923078
7 0.16706730769230768 0.36177884615384615 0.07932692307692307 0.19591346153846154
6 0.15504807692307693 0.48677884615384615 0.07572115384615384 0.13822115384615385
8 0.36658653846153844 0.19591346153846154 0.06009615384615385 0.13581730769230768
8 0.16466346153846154 0.6057692307692307 0.078125 0.14423076923076922
9 0.43509615384615385 0.29927884615384615 0.05048076923076923 0.10576923076923077
9 0.28365384615384615 0.056490384615384616 0.04567307692307692 0.10216346153846154
9 0.2848557692307692 0.21514423076923078 0.04807692307692308 0.109375
9 0.2620192307692308 0.6141826923076923 0.05889423076923077 0.12139423076923077
9 0.44471153846153844 0.734375 0.06129807692307692 0.11778846153846154