5 0.41346153846153844 0.06850961538461539 0.052884615384615384 0.12259615384615384
5 0.15985576923076922 0.7355769230769231 0.07451923076923077 0.13822115384615385
1 0.21033653846153846 0.3701923076923077 0.07932692307692307 0.19831730769230768
4 0.4026442307692308 0.29086538461538464 0.06971153846153846 0.171875
3 0.33653846153846156 0.14423076923076922 0.04447115384615385 0.10096153846153846
3 0.3245192307692308 0.22716346153846154 0.04567307692307692 0.10697115384615384
3 0.3016826923076923 0.40024038461538464 0.052884615384615384 0.11298076923076923
3 0.3786057692307692 0.5048076923076923 0.05048076923076923 0.10817307692307693
3 0.4831730769230769 0.3016826923076923 0.054086538461538464 0.10697115384615384
3 0.4831730769230769 0.06490384615384616 0.04567307692307692 0.09975961538461539
2 0.4098557692307692 0.1346153846153846 0.04927884615384615 0.13341346153846154
2 0.5625 0.3942307692307692 0.06971153846153846 0.13942307692307693
10 0.6394230769230769 0.2956730769230769 0.07091346153846154 0.16947115384615385
11 0.7932692307692307 0.056490384615384616 0.05889423076923077 0.11177884615384616
11 0.7451923076923077 0.7451923076923077 0.06971153846153846 0.13701923076923078
7 0.8329326923076923 0.36177884615384615 0.07932692307692307 0.19591346153846154
6 0.8449519230769231 0.48677884615384615 0.07572115384615384 0.13822115384615385
8 0.6334134615384616 0.19591346153846154 0.06009615384615385 0.13581730769230768
8 0.8353365384615384 0.6057692307692307 0.078125 0.14423076923076922
9 0.5649038461538461 0.29927884615384615 0.05048076923076923 0.10576923076923077
9 0.7163461538461539 0.056490384615384616 0.04567307692307692 0.10216346153846154
9 0.7151442307692307 0.21514423076923078 0.04807692307692308 0.109375
9 0.7379807692307693 0.6141826923076923 0.05889423076923077 0.12139423076923077
9 0.5552884615384616 0.734375 0.06129807692307692 0.11778846153846154