1 0.22355769230769232 0.3112980769230769 0.0829326923076923 0.19591346153846154
5 0.7295673076923077 0.06971153846153846 0.056490384615384616 0.12139423076923077
7 0.8329326923076923 0.30528846153846156 0.07932692307692307 0.2091346153846154
11 0.5612980769230769 0.3401442307692308 0.05048076923076923 0.125
6 0.5576923076923077 0.43149038461538464 0.06129807692307692 0.14182692307692307
9 0.6442307692307693 0.5600961538461539 0.057692307692307696 0.11057692307692307
9 0.7259615384615384 0.16706730769230768 0.05048076923076923 0.109375
9 0.7391826923076923 0.33774038461538464 0.052884615384615384 0.11177884615384616
3 0.6526442307692307 0.4411057692307692 0.054086538461538464 0.10697115384615384
3 0.4098557692307692 0.3425480769230769 0.04567307692307692 0.10817307692307693
3 0.4579326923076923 0.6646634615384616 0.052884615384615384 0.11658653846153846