1 0.7764423076923077 0.3112980769230769 0.0829326923076923 0.19591346153846154
5 0.2704326923076923 0.06971153846153846 0.056490384615384616 0.12139423076923077
7 0.16706730769230768 0.30528846153846156 0.07932692307692307 0.2091346153846154
11 0.4387019230769231 0.3401442307692308 0.05048076923076923 0.125
6 0.4423076923076923 0.43149038461538464 0.06129807692307692 0.14182692307692307
9 0.3557692307692308 0.5600961538461539 0.057692307692307696 0.11057692307692307
9 0.27403846153846156 0.16706730769230768 0.05048076923076923 0.109375
9 0.2608173076923077 0.33774038461538464 0.052884615384615384 0.11177884615384616
3 0.3473557692307692 0.4411057692307692 0.054086538461538464 0.10697115384615384
3 0.5901442307692307 0.3425480769230769 0.04567307692307692 0.10817307692307693
3 0.5420673076923077 0.6646634615384616 0.052884615384615384 0.11658653846153846