4 0.40384615384615385 0.2980769230769231 0.0733173076923077 0.171875
1 0.2127403846153846 0.3701923076923077 0.08774038461538461 0.20072115384615385
5 0.16105769230769232 0.7247596153846154 0.07572115384615384 0.15264423076923078
5 0.41586538461538464 0.06129807692307692 0.052884615384615384 0.11177884615384616
2 0.4098557692307692 0.1346153846153846 0.0625 0.12980769230769232
2 0.5576923076923077 0.3918269230769231 0.0673076923076923 0.14182692307692307
3 0.33413461538461536 0.1466346153846154 0.04567307692307692 0.10096153846153846
3 0.3233173076923077 0.22956730769230768 0.046875 0.10576923076923077
3 0.3004807692307692 0.4014423076923077 0.05048076923076923 0.11778846153846154
3 0.375 0.5024038461538461 0.056490384615384616 0.11177884615384616
3 0.484375 0.3016826923076923 0.051682692307692304 0.10576923076923077
3 0.4795673076923077 0.06610576923076923 0.04927884615384615 0.10697115384615384
10 0.6382211538461539 0.29447115384615385 0.0733173076923077 0.16947115384615385
6 0.7415865384615384 0.3798076923076923 0.06610576923076923 0.15144230769230768
11 0.6358173076923077 0.18990384615384615 0.06009615384615385 0.13701923076923078
11 0.8353365384615384 0.6009615384615384 0.07572115384615384 0.15384615384615385
7 0.8317307692307693 0.36778846153846156 0.08052884615384616 0.20552884615384615
11 0.796875 0.054086538461538464 0.06490384615384616 0.10817307692307693
11 0.7487980769230769 0.7415865384615384 0.07692307692307693 0.14302884615384615
9 0.7175480769230769 0.057692307692307696 0.04927884615384615 0.10096153846153846
9 0.7367788461538461 0.6141826923076923 0.056490384615384616 0.11658653846153846
9 0.7115384615384616 0.21875 0.056490384615384616 0.11298076923076923
9 0.5649038461538461 0.3016826923076923 0.051682692307692304 0.10697115384615384
9 0.5540865384615384 0.7367788461538461 0.057692307692307696 0.12259615384615384