4 0.4014423076923077 0.29086538461538464 0.06971153846153846 0.17668269230769232
1 0.19471153846153846 0.48197115384615385 0.08413461538461539 0.20552884615384615
5 0.16346153846153846 0.7319711538461539 0.08052884615384616 0.1466346153846154
3 0.30408653846153844 0.4050480769230769 0.05048076923076923 0.11177884615384616
3 0.3245192307692308 0.22716346153846154 0.052884615384615384 0.09975961538461539
3 0.33774038461538464 0.14543269230769232 0.046875 0.09975961538461539
3 0.4795673076923077 0.0673076923076923 0.04567307692307692 0.0985576923076923
3 0.484375 0.3016826923076923 0.05048076923076923 0.1141826923076923
3 0.3762019230769231 0.5036057692307693 0.05889423076923077 0.11778846153846154
2 0.5600961538461539 0.3942307692307692 0.06370192307692307 0.13701923076923078
11 0.7944711538461539 0.055288461538461536 0.06009615384615385 0.11057692307692307
11 0.7439903846153846 0.7439903846153846 0.06610576923076923 0.13701923076923078
7 0.7331730769230769 0.36899038461538464 0.07572115384615384 0.19831730769230768
8 0.49158653846153844 0.13822115384615385 0.054086538461538464 0.14302884615384615
8 0.8341346153846154 0.6033653846153846 0.07692307692307693 0.14423076923076922
6 0.5588942307692307 0.6033653846153846 0.06129807692307692 0.13822115384615385
10 0.6370192307692307 0.29086538461538464 0.0625 0.1778846153846154
9 0.5649038461538461 0.30288461538461536 0.05048076923076923 0.1045673076923077
9 0.7151442307692307 0.057692307692307696 0.052884615384615384 0.10697115384615384
9 0.7139423076923077 0.21754807692307693 0.05048076923076923 0.10576923076923077
9 0.7391826923076923 0.6165865384615384 0.05889423076923077 0.1141826923076923
9 0.5528846153846154 0.7379807692307693 0.0625 0.11538461538461539