4 0.7836538461538461 0.296875 0.06850961538461539 0.15264423076923078
1 0.7908653846153846 0.36899038461538464 0.07572115384615384 0.18629807692307693
0 0.7632211538461539 0.21394230769230768 0.054086538461538464 0.12379807692307693
0 0.8040865384615384 0.4963942307692308 0.06009615384615385 0.1310096153846154
2 0.7475961538461539 0.13701923076923078 0.056490384615384616 0.1141826923076923
2 0.8269230769230769 0.6081730769230769 0.07451923076923077 0.12259615384615384
5 0.7427884615384616 0.06610576923076923 0.04927884615384615 0.10096153846153846
5 0.8425480769230769 0.7367788461538461 0.07211538461538461 0.12620192307692307
3 0.6586538461538461 0.06370192307692307 0.042067307692307696 0.09375
3 0.6646634615384616 0.14302884615384615 0.040865384615384616 0.09615384615384616
3 0.6766826923076923 0.22596153846153846 0.042067307692307696 0.09615384615384616
3 0.6875 0.3088942307692308 0.04326923076923077 0.0985576923076923
3 0.6983173076923077 0.40384615384615385 0.04927884615384615 0.09375
3 0.7115384615384616 0.5072115384615384 0.046875 0.10576923076923077
3 0.7259615384615384 0.6153846153846154 0.05048076923076923 0.10216346153846154
3 0.7391826923076923 0.7367788461538461 0.054086538461538464 0.10216346153846154
10 0.18870192307692307 0.2776442307692308 0.06370192307692307 0.16947115384615385
7 0.17307692307692307 0.3641826923076923 0.0673076923076923 0.18870192307692307
6 0.15985576923076922 0.49038461538461536 0.056490384615384616 0.13581730769230768
6 0.19230769230769232 0.20552884615384615 0.051682692307692304 0.12980769230769232
8 0.19951923076923078 0.12740384615384615 0.054086538461538464 0.11778846153846154
8 0.15504807692307693 0.6225961538461539 0.06850961538461539 0.12980769230769232
9 0.2536057692307692 0.7403846153846154 0.056490384615384616 0.1045673076923077
9 0.2608173076923077 0.6165865384615384 0.0625 0.10336538461538461
9 0.2644230769230769 0.5144230769230769 0.052884615384615384 0.0985576923076923
9 0.2764423076923077 0.41225961538461536 0.05048076923076923 0.10096153846153846
9 0.2776442307692308 0.31009615384615385 0.052884615384615384 0.0985576923076923
9 0.2860576923076923 0.22596153846153846 0.04326923076923077 0.09375
9 0.2860576923076923 0.13942307692307693 0.04567307692307692 0.0889423076923077
9 0.2860576923076923 0.06009615384615385 0.04447115384615385 0.0985576923076923
11 0.2091346153846154 0.052884615384615384 0.04807692307692308 0.1045673076923077
11 0.14302884615384615 0.7451923076923077 0.0673076923076923 0.140625