1 0.25961538461538464 0.5985576923076923 0.08413461538461539 0.1971153846153846
5 0.14423076923076922 0.7391826923076923 0.06850961538461539 0.13942307692307693
11 0.3449519230769231 0.7211538461538461 0.06610576923076923 0.13942307692307693
8 0.4699519230769231 0.12980769230769232 0.05048076923076923 0.13822115384615385
4 0.38221153846153844 0.29086538461538464 0.06971153846153846 0.17668269230769232
3 0.30288461538461536 0.22716346153846154 0.04567307692307692 0.10216346153846154
3 0.2824519230769231 0.4050480769230769 0.055288461538461536 0.10576923076923077
3 0.359375 0.5036057692307693 0.051682692307692304 0.10817307692307693
3 0.46274038461538464 0.2980769230769231 0.04807692307692308 0.10817307692307693
2 0.5408653846153846 0.390625 0.0625 0.13581730769230768
9 0.5444711538461539 0.29447115384615385 0.04927884615384615 0.10096153846153846
10 0.6189903846153846 0.2848557692307692 0.06971153846153846 0.171875
7 0.7151442307692307 0.3557692307692308 0.07211538461538461 0.19471153846153846
11 0.7680288461538461 0.04927884615384615 0.06009615384615385 0.0985576923076923
9 0.6935096153846154 0.046875 0.04567307692307692 0.09375
9 0.6923076923076923 0.20432692307692307 0.05048076923076923 0.1045673076923077
9 0.7247596153846154 0.6033653846153846 0.057692307692307696 0.11298076923076923