5 0.6442307692307693 0.7704326923076923 0.0733173076923077 0.13822115384615385
5 0.8473557692307693 0.7800480769230769 0.07572115384615384 0.14182692307692307
1 0.7211538461538461 0.6382211538461539 0.09014423076923077 0.20432692307692307
4 0.5925480769230769 0.3245192307692308 0.06129807692307692 0.17548076923076922
3 0.6778846153846154 0.2548076923076923 0.04927884615384615 0.11538461538461539
3 0.6237980769230769 0.5492788461538461 0.056490384615384616 0.1201923076923077
3 0.5096153846153846 0.33774038461538464 0.04807692307692308 0.10817307692307693
2 0.2668269230769231 0.5420673076923077 0.07211538461538461 0.14423076923076922
7 0.25961538461538464 0.4110576923076923 0.07211538461538461 0.20072115384615385
9 0.25600961538461536 0.6706730769230769 0.057692307692307696 0.11177884615384616
11 0.17548076923076922 0.25 0.06490384615384616 0.11778846153846154
9 0.2692307692307692 0.08774038461538461 0.05048076923076923 0.10336538461538461
9 0.3545673076923077 0.17908653846153846 0.05048076923076923 0.10697115384615384
9 0.43028846153846156 0.3425480769230769 0.05048076923076923 0.11057692307692307