2 0.44350961538461536 0.3954326923076923 0.0625 0.13581730769230768
3 0.5192307692307693 0.06610576923076923 0.046875 0.10576923076923077
5 0.8401442307692307 0.7355769230769231 0.08413461538461539 0.14182692307692307
1 0.8052884615384616 0.48677884615384615 0.08774038461538461 0.20072115384615385
4 0.5997596153846154 0.2920673076923077 0.06370192307692307 0.1814903846153846
3 0.6971153846153846 0.40625 0.05048076923076923 0.10576923076923077
3 0.6766826923076923 0.23076923076923078 0.04447115384615385 0.1045673076923077
3 0.5168269230769231 0.30528846153846156 0.04927884615384615 0.10216346153846154
3 0.6237980769230769 0.5060096153846154 0.051682692307692304 0.10817307692307693
11 0.640625 0.7175480769230769 0.0733173076923077 0.14302884615384615
11 0.21033653846153846 0.05889423076923077 0.05889423076923077 0.11778846153846154
10 0.3629807692307692 0.29447115384615385 0.05889423076923077 0.17427884615384615
7 0.2704326923076923 0.37259615384615385 0.07211538461538461 0.19591346153846154
6 0.4411057692307692 0.6009615384615384 0.06129807692307692 0.14423076923076922
8 0.5084134615384616 0.13581730769230768 0.052884615384615384 0.13221153846153846
8 0.3581730769230769 0.4963942307692308 0.06490384615384616 0.14182692307692307
9 0.4362980769230769 0.3004807692307692 0.04927884615384615 0.1045673076923077
9 0.28365384615384615 0.057692307692307696 0.04927884615384615 0.10336538461538461
9 0.28846153846153844 0.21634615384615385 0.046875 0.109375
9 0.2620192307692308 0.6129807692307693 0.057692307692307696 0.11658653846153846