2 0.5564903846153846 0.3954326923076923 0.0625 0.13581730769230768
3 0.4807692307692308 0.06610576923076923 0.046875 0.10576923076923077
5 0.15985576923076922 0.7355769230769231 0.08413461538461539 0.14182692307692307
1 0.19471153846153846 0.48677884615384615 0.08774038461538461 0.20072115384615385
4 0.40024038461538464 0.2920673076923077 0.06370192307692307 0.1814903846153846
3 0.30288461538461536 0.40625 0.05048076923076923 0.10576923076923077
3 0.3233173076923077 0.23076923076923078 0.04447115384615385 0.1045673076923077
3 0.4831730769230769 0.30528846153846156 0.04927884615384615 0.10216346153846154
3 0.3762019230769231 0.5060096153846154 0.051682692307692304 0.10817307692307693
11 0.359375 0.7175480769230769 0.0733173076923077 0.14302884615384615
11 0.7896634615384616 0.05889423076923077 0.05889423076923077 0.11778846153846154
10 0.6370192307692307 0.29447115384615385 0.05889423076923077 0.17427884615384615
7 0.7295673076923077 0.37259615384615385 0.07211538461538461 0.19591346153846154
6 0.5588942307692307 0.6009615384615384 0.06129807692307692 0.14423076923076922
8 0.49158653846153844 0.13581730769230768 0.052884615384615384 0.13221153846153846
8 0.6418269230769231 0.4963942307692308 0.06490384615384616 0.14182692307692307
9 0.5637019230769231 0.3004807692307692 0.04927884615384615 0.1045673076923077
9 0.7163461538461539 0.057692307692307696 0.04927884615384615 0.10336538461538461
9 0.7115384615384616 0.21634615384615385 0.046875 0.109375
9 0.7379807692307693 0.6129807692307693 0.057692307692307696 0.11658653846153846