1 0.7680288461538461 0.2980769230769231 0.08173076923076923 0.2091346153846154
0 0.5997596153846154 0.15865384615384615 0.057692307692307696 0.14182692307692307
5 0.5709134615384616 0.07932692307692307 0.054086538461538464 0.12860576923076922
5 0.5036057692307693 0.16466346153846154 0.05889423076923077 0.12740384615384615
3 0.6850961538461539 0.34134615384615385 0.04807692307692308 0.11177884615384616
3 0.7415865384615384 0.7848557692307693 0.0625 0.1201923076923077
3 0.6081730769230769 0.5360576923076923 0.055288461538461536 0.12259615384615384
3 0.5420673076923077 0.6622596153846154 0.0625 0.12740384615384615
3 0.4182692307692308 0.17668269230769232 0.04807692307692308 0.1045673076923077
2 0.4411057692307692 0.25 0.06610576923076923 0.13701923076923078
2 0.24639423076923078 0.640625 0.08052884615384616 0.1502403846153846
7 0.16466346153846154 0.4074519230769231 0.08052884615384616 0.20552884615384615
6 0.18509615384615385 0.15264423076923078 0.07211538461538461 0.14302884615384615
6 0.3557692307692308 0.42427884615384615 0.0673076923076923 0.1502403846153846
11 0.1971153846153846 0.09735576923076923 0.06490384615384616 0.1346153846153846
10 0.3449519230769231 0.14903846153846154 0.07091346153846154 0.1814903846153846
8 0.23557692307692307 0.7884615384615384 0.078125 0.16466346153846154
9 0.27403846153846156 0.1622596153846154 0.052884615384615384 0.1141826923076923
9 0.25841346153846156 0.33774038461538464 0.057692307692307696 0.1045673076923077
9 0.25961538461538464 0.4362980769230769 0.06610576923076923 0.11538461538461539
9 0.3557692307692308 0.5685096153846154 0.0625 0.12740384615384615