8 0.453125 0.6478365384615384 0.06850961538461539 0.16105769230769232
7 0.16466346153846154 0.30408653846153844 0.07692307692307693 0.20552884615384615
10 0.3449519230769231 0.1466346153846154 0.0625 0.17908653846153846
6 0.4387019230769231 0.4326923076923077 0.0673076923076923 0.14302884615384615
11 0.42427884615384615 0.15865384615384615 0.06009615384615385 0.125
9 0.43990384615384615 0.3269230769230769 0.054086538461538464 0.10576923076923077
9 0.27403846153846156 0.16947115384615385 0.06490384615384616 0.11538461538461539
9 0.25961538461538464 0.3389423076923077 0.052884615384615384 0.11177884615384616
9 0.35336538461538464 0.5637019230769231 0.054086538461538464 0.125
5 0.2704326923076923 0.07451923076923077 0.0625 0.12980769230769232
2 0.24639423076923078 0.6454326923076923 0.078125 0.16105769230769232
0 0.5084134615384616 0.234375 0.05048076923076923 0.14543269230769232
1 0.7692307692307693 0.3004807692307692 0.0829326923076923 0.20072115384615385
3 0.6850961538461539 0.34134615384615385 0.04927884615384615 0.11298076923076923
3 0.5420673076923077 0.6634615384615384 0.052884615384615384 0.12379807692307693
3 0.6081730769230769 0.5396634615384616 0.052884615384615384 0.11778846153846154