4 0.7932692307692307 0.4050480769230769 0.07572115384615384 0.17427884615384615
1 0.7704326923076923 0.30408653846153844 0.07451923076923077 0.18028846153846154
2 0.7668269230769231 0.24519230769230768 0.06610576923076923 0.12139423076923077
2 0.8161057692307693 0.5420673076923077 0.07692307692307693 0.1201923076923077
0 0.7439903846153846 0.15625 0.05048076923076923 0.1346153846153846
0 0.8233173076923077 0.6550480769230769 0.06490384615384616 0.13221153846153846
5 0.7247596153846154 0.08052884615384616 0.052884615384615384 0.12379807692307693
5 0.8485576923076923 0.7860576923076923 0.07572115384615384 0.12860576923076922
3 0.7451923076923077 0.7872596153846154 0.06009615384615385 0.11177884615384616
3 0.7223557692307693 0.6454326923076923 0.0625 0.11177884615384616
3 0.6971153846153846 0.5420673076923077 0.055288461538461536 0.10216346153846154
3 0.6947115384615384 0.43028846153846156 0.051682692307692304 0.09975961538461539
3 0.6850961538461539 0.3449519230769231 0.04807692307692308 0.0985576923076923
3 0.6778846153846154 0.2668269230769231 0.046875 0.09975961538461539
3 0.6598557692307693 0.17668269230769232 0.042067307692307696 0.09615384615384616
3 0.6550480769230769 0.09134615384615384 0.042067307692307696 0.09975961538461539
10 0.17668269230769232 0.3245192307692308 0.06490384615384616 0.17067307692307693
7 0.16105769230769232 0.40625 0.07211538461538461 0.19471153846153846
8 0.171875 0.2439903846153846 0.06490384615384616 0.1141826923076923
8 0.15985576923076922 0.5444711538461539 0.0673076923076923 0.13221153846153846
6 0.18509615384615385 0.1502403846153846 0.054086538461538464 0.1346153846153846
6 0.14302884615384615 0.6634615384615384 0.0673076923076923 0.13942307692307693
11 0.19591346153846154 0.08774038461538461 0.054086538461538464 0.1201923076923077
11 0.13221153846153846 0.8052884615384616 0.07091346153846154 0.13701923076923078
9 0.265625 0.09014423076923077 0.04447115384615385 0.0985576923076923
9 0.27163461538461536 0.16947115384615385 0.04567307692307692 0.10096153846153846
9 0.25841346153846156 0.2548076923076923 0.04567307692307692 0.10096153846153846
9 0.2620192307692308 0.33653846153846156 0.05048076923076923 0.09735576923076923
9 0.25961538461538464 0.4375 0.051682692307692304 0.1045673076923077
9 0.25240384615384615 0.5492788461538461 0.051682692307692304 0.10697115384615384
9 0.2439903846153846 0.6694711538461539 0.055288461538461536 0.11057692307692307
9 0.23798076923076922 0.8040865384615384 0.06370192307692307 0.10817307692307693