6 0.4423076923076923 0.4326923076923077 0.07091346153846154 0.14182692307692307
11 0.43509615384615385 0.34134615384615385 0.057692307692307696 0.1310096153846154
8 0.4519230769230769 0.6490384615384616 0.07091346153846154 0.15865384615384615
7 0.16706730769230768 0.30528846153846156 0.08173076923076923 0.21153846153846154
10 0.3449519230769231 0.14543269230769232 0.06971153846153846 0.17668269230769232
9 0.27524038461538464 0.1658653846153846 0.055288461538461536 0.11057692307692307
9 0.25961538461538464 0.3389423076923077 0.057692307692307696 0.10817307692307693
9 0.35697115384615385 0.5649038461538461 0.051682692307692304 0.11778846153846154
5 0.27283653846153844 0.06971153846153846 0.04807692307692308 0.1310096153846154
2 0.3485576923076923 0.4206730769230769 0.0625 0.15384615384615385
1 0.7716346153846154 0.2980769230769231 0.08774038461538461 0.20072115384615385
3 0.42788461538461536 0.5396634615384616 0.055288461538461536 0.109375
3 0.5889423076923077 0.3425480769230769 0.054086538461538464 0.1141826923076923
3 0.5420673076923077 0.6634615384615384 0.05889423076923077 0.1201923076923077