5 0.8521634615384616 0.7427884615384616 0.07572115384615384 0.13581730769230768
1 0.7391826923076923 0.6009615384615384 0.08173076923076923 0.20432692307692307
4 0.6189903846153846 0.29447115384615385 0.0625 0.16706730769230768
3 0.6983173076923077 0.22716346153846154 0.046875 0.1045673076923077
3 0.7163461538461539 0.4050480769230769 0.051682692307692304 0.1045673076923077
3 0.6394230769230769 0.5036057692307693 0.054086538461538464 0.10576923076923077
3 0.5348557692307693 0.296875 0.051682692307692304 0.10216346153846154
2 0.4579326923076923 0.3858173076923077 0.057692307692307696 0.1346153846153846
6 0.45552884615384615 0.5973557692307693 0.06129807692307692 0.14302884615384615
10 0.3786057692307692 0.2824519230769231 0.06490384615384616 0.17427884615384615
7 0.28725961538461536 0.35697115384615385 0.07211538461538461 0.1935096153846154
8 0.37259615384615385 0.4831730769230769 0.06009615384615385 0.14302884615384615
9 0.45552884615384615 0.2956730769230769 0.046875 0.10096153846153846
9 0.3076923076923077 0.203125 0.04567307692307692 0.1045673076923077
9 0.2776442307692308 0.6021634615384616 0.056490384615384616 0.11298076923076923
9 0.3076923076923077 0.04927884615384615 0.046875 0.09735576923076923
11 0.23076923076923078 0.04807692307692308 0.057692307692307696 0.09615384615384616
11 0.6574519230769231 0.7211538461538461 0.06850961538461539 0.1466346153846154