7 0.16706730769230768 0.3004807692307692 0.08052884615384616 0.21153846153846154
9 0.2764423076923077 0.171875 0.05889423076923077 0.10697115384615384
9 0.2608173076923077 0.3425480769230769 0.06129807692307692 0.11658653846153846
11 0.4362980769230769 0.33413461538461536 0.06129807692307692 0.13822115384615385
6 0.44350961538461536 0.43509615384615385 0.06610576923076923 0.14903846153846154
9 0.35697115384615385 0.5625 0.06490384615384616 0.11899038461538461
10 0.7740384615384616 0.3161057692307692 0.07572115384615384 0.1814903846153846
1 0.6947115384615384 0.3088942307692308 0.08173076923076923 0.203125
5 0.27163461538461536 0.07211538461538461 0.06129807692307692 0.125
3 0.3473557692307692 0.44350961538461536 0.055288461538461536 0.11778846153846154
3 0.5420673076923077 0.6646634615384616 0.06370192307692307 0.11899038461538461
3 0.5889423076923077 0.3425480769230769 0.052884615384615384 0.11778846153846154