1 0.7692307692307693 0.2980769230769231 0.08173076923076923 0.21033653846153846
0 0.5985576923076923 0.15625 0.05048076923076923 0.14182692307692307
5 0.5721153846153846 0.078125 0.0625 0.1310096153846154
5 0.5216346153846154 0.4362980769230769 0.07091346153846154 0.15745192307692307
3 0.6826923076923077 0.3401442307692308 0.057692307692307696 0.11658653846153846
3 0.7439903846153846 0.7764423076923077 0.06129807692307692 0.12259615384615384
3 0.5456730769230769 0.6670673076923077 0.06370192307692307 0.125
3 0.6081730769230769 0.5348557692307693 0.055288461538461536 0.12740384615384615
3 0.41586538461538464 0.18028846153846154 0.05048076923076923 0.10576923076923077
3 0.49278846153846156 0.17548076923076922 0.055288461538461536 0.10697115384615384
2 0.5973557692307693 0.33413461538461536 0.06610576923076923 0.15264423076923078
2 0.44350961538461536 0.7764423076923077 0.07091346153846154 0.16466346153846154
10 0.3473557692307692 0.14543269230769232 0.06610576923076923 0.1814903846153846
8 0.23557692307692307 0.7896634615384616 0.08653846153846154 0.1622596153846154
11 0.19831730769230768 0.08774038461538461 0.06370192307692307 0.12740384615384615
6 0.3557692307692308 0.42788461538461536 0.0673076923076923 0.15504807692307693
6 0.18990384615384615 0.1502403846153846 0.06370192307692307 0.16105769230769232
7 0.15865384615384615 0.40865384615384615 0.09375 0.20552884615384615
9 0.41225961538461536 0.0829326923076923 0.057692307692307696 0.11057692307692307
9 0.27403846153846156 0.16466346153846154 0.055288461538461536 0.1141826923076923
9 0.25841346153846156 0.33533653846153844 0.04927884615384615 0.11298076923076923
9 0.25961538461538464 0.4375 0.05889423076923077 0.11778846153846154
9 0.3557692307692308 0.5588942307692307 0.06490384615384616 0.12379807692307693