1 0.23076923076923078 0.2980769230769231 0.08173076923076923 0.21033653846153846
0 0.4014423076923077 0.15625 0.05048076923076923 0.14182692307692307
5 0.42788461538461536 0.078125 0.0625 0.1310096153846154
5 0.47836538461538464 0.4362980769230769 0.07091346153846154 0.15745192307692307
3 0.3173076923076923 0.3401442307692308 0.057692307692307696 0.11658653846153846
3 0.25600961538461536 0.7764423076923077 0.06129807692307692 0.12259615384615384
3 0.4543269230769231 0.6670673076923077 0.06370192307692307 0.125
3 0.3918269230769231 0.5348557692307693 0.055288461538461536 0.12740384615384615
3 0.5841346153846154 0.18028846153846154 0.05048076923076923 0.10576923076923077
3 0.5072115384615384 0.17548076923076922 0.055288461538461536 0.10697115384615384
2 0.4026442307692308 0.33413461538461536 0.06610576923076923 0.15264423076923078
2 0.5564903846153846 0.7764423076923077 0.07091346153846154 0.16466346153846154
10 0.6526442307692307 0.14543269230769232 0.06610576923076923 0.1814903846153846
8 0.7644230769230769 0.7896634615384616 0.08653846153846154 0.1622596153846154
11 0.8016826923076923 0.08774038461538461 0.06370192307692307 0.12740384615384615
6 0.6442307692307693 0.42788461538461536 0.0673076923076923 0.15504807692307693
6 0.8100961538461539 0.1502403846153846 0.06370192307692307 0.16105769230769232
7 0.8413461538461539 0.40865384615384615 0.09375 0.20552884615384615
9 0.5877403846153846 0.0829326923076923 0.057692307692307696 0.11057692307692307
9 0.7259615384615384 0.16466346153846154 0.055288461538461536 0.1141826923076923
9 0.7415865384615384 0.33533653846153844 0.04927884615384615 0.11298076923076923
9 0.7403846153846154 0.4375 0.05889423076923077 0.11778846153846154
9 0.6442307692307693 0.5588942307692307 0.06490384615384616 0.12379807692307693