5 0.5901442307692307 0.06850961538461539 0.04927884615384615 0.1141826923076923
5 0.8401442307692307 0.7319711538461539 0.0733173076923077 0.14423076923076922
1 0.7908653846153846 0.36658653846153844 0.07451923076923077 0.20072115384615385
4 0.5997596153846154 0.2956730769230769 0.06490384615384616 0.18028846153846154
3 0.6995192307692307 0.40384615384615385 0.052884615384615384 0.11177884615384616
3 0.6778846153846154 0.22716346153846154 0.046875 0.10216346153846154
3 0.6634615384615384 0.14182692307692307 0.04447115384615385 0.09615384615384616
3 0.5204326923076923 0.06490384615384616 0.046875 0.10576923076923077
3 0.625 0.5060096153846154 0.04567307692307692 0.10817307692307693
3 0.5180288461538461 0.30408653846153844 0.04807692307692308 0.10216346153846154
2 0.5889423076923077 0.13341346153846154 0.04326923076923077 0.12860576923076922
2 0.44471153846153844 0.3942307692307692 0.06850961538461539 0.140625
6 0.4423076923076923 0.6021634615384616 0.06610576923076923 0.14302884615384615
7 0.17307692307692307 0.3641826923076923 0.078125 0.20192307692307693
10 0.36658653846153844 0.2956730769230769 0.06490384615384616 0.17067307692307693
8 0.36658653846153844 0.19591346153846154 0.055288461538461536 0.1346153846153846
8 0.16466346153846154 0.6009615384615384 0.08173076923076923 0.15384615384615385
11 0.2536057692307692 0.7427884615384616 0.07211538461538461 0.13701923076923078
11 0.20673076923076922 0.055288461538461536 0.057692307692307696 0.11057692307692307
9 0.2644230769230769 0.6141826923076923 0.051682692307692304 0.11177884615384616
9 0.2848557692307692 0.06129807692307692 0.051682692307692304 0.09975961538461539
9 0.28966346153846156 0.21754807692307693 0.057692307692307696 0.10576923076923077
9 0.4375 0.2980769230769231 0.05048076923076923 0.109375
9 0.44711538461538464 0.7379807692307693 0.0625 0.12259615384615384