0 0.7091346153846154 0.6081730769230769 0.06009615384615385 0.14783653846153846
5 0.5865384615384616 0.06610576923076923 0.055288461538461536 0.11177884615384616
5 0.8377403846153846 0.7283653846153846 0.06610576923076923 0.1346153846153846
1 0.7896634615384616 0.36538461538461536 0.07932692307692307 0.1971153846153846
4 0.5973557692307693 0.28846153846153844 0.057692307692307696 0.16466346153846154
0 0.5276442307692307 0.4963942307692308 0.052884615384615384 0.13581730769230768
3 0.6754807692307693 0.2283653846153846 0.04567307692307692 0.09735576923076923
3 0.6658653846153846 0.14543269230769232 0.039663461538461536 0.09375
3 0.6971153846153846 0.4014423076923077 0.046875 0.10817307692307693
3 0.7079326923076923 0.5048076923076923 0.05048076923076923 0.10096153846153846
3 0.6442307692307693 0.7439903846153846 0.051682692307692304 0.11538461538461539
3 0.6153846153846154 0.6141826923076923 0.051682692307692304 0.10216346153846154
3 0.515625 0.3004807692307692 0.04567307692307692 0.0985576923076923
3 0.5192307692307693 0.06850961538461539 0.042067307692307696 0.10336538461538461
2 0.5877403846153846 0.12980769230769232 0.054086538461538464 0.12980769230769232
2 0.43990384615384615 0.3954326923076923 0.06490384615384616 0.13341346153846154
10 0.1875 0.2764423076923077 0.06971153846153846 0.17548076923076922
7 0.171875 0.3629807692307692 0.0733173076923077 0.19471153846153846
11 0.25240384615384615 0.7355769230769231 0.06370192307692307 0.13822115384615385
11 0.20673076923076922 0.052884615384615384 0.06009615384615385 0.10576923076923077
6 0.36177884615384615 0.056490384615384616 0.04567307692307692 0.11177884615384616
6 0.15745192307692307 0.4855769230769231 0.0625 0.13701923076923078
8 0.3641826923076923 0.19831730769230768 0.055288461538461536 0.13822115384615385
8 0.1658653846153846 0.6033653846153846 0.06850961538461539 0.14302884615384615
9 0.4362980769230769 0.3016826923076923 0.042067307692307696 0.10216346153846154
9 0.42908653846153844 0.13822115384615385 0.04807692307692308 0.1045673076923077
9 0.28365384615384615 0.056490384615384616 0.046875 0.10216346153846154
9 0.28125 0.22235576923076922 0.04807692307692308 0.09975961538461539
9 0.27283653846153844 0.40625 0.055288461538461536 0.09735576923076923
9 0.2644230769230769 0.5096153846153846 0.046875 0.1045673076923077
9 0.2644230769230769 0.6141826923076923 0.054086538461538464 0.11177884615384616
9 0.4483173076923077 0.7355769230769231 0.055288461538461536 0.1141826923076923