4 0.5204326923076923 0.4206730769230769 0.06971153846153846 0.17548076923076922
1 0.7704326923076923 0.2980769230769231 0.08052884615384616 0.21033653846153846
5 0.7884615384615384 0.4375 0.07091346153846154 0.1346153846153846
3 0.7427884615384616 0.7860576923076923 0.06490384615384616 0.11899038461538461
3 0.6838942307692307 0.34375 0.05048076923076923 0.109375
3 0.5132211538461539 0.2620192307692308 0.04807692307692308 0.11778846153846154
3 0.5420673076923077 0.6658653846153846 0.05889423076923077 0.12379807692307693
3 0.6057692307692307 0.5384615384615384 0.057692307692307696 0.11538461538461539
3 0.49038461538461536 0.16947115384615385 0.051682692307692304 0.11177884615384616
5 0.5697115384615384 0.08413461538461539 0.055288461538461536 0.12379807692307693
0 0.5985576923076923 0.15745192307692307 0.052884615384615384 0.14903846153846154
0 0.35096153846153844 0.5384615384615384 0.07932692307692307 0.1466346153846154
8 0.35216346153846156 0.32091346153846156 0.06129807692307692 0.1346153846153846
8 0.23918269230769232 0.7908653846153846 0.0829326923076923 0.15264423076923078
11 0.19951923076923078 0.08774038461538461 0.06129807692307692 0.12860576923076922
10 0.3449519230769231 0.1502403846153846 0.06971153846153846 0.17307692307692307
7 0.16346153846153846 0.40625 0.09134615384615384 0.2127403846153846
6 0.18509615384615385 0.1502403846153846 0.0625 0.14543269230769232
6 0.35697115384615385 0.42908653846153844 0.06610576923076923 0.14543269230769232
9 0.41346153846153844 0.08774038461538461 0.04927884615384615 0.1045673076923077
9 0.41586538461538464 0.2439903846153846 0.054086538461538464 0.11177884615384616
9 0.27283653846153844 0.16466346153846154 0.052884615384615384 0.11057692307692307
9 0.2608173076923077 0.33533653846153844 0.055288461538461536 0.11658653846153846
9 0.2608173076923077 0.4375 0.06129807692307692 0.11177884615384616
9 0.24759615384615385 0.6622596153846154 0.06490384615384616 0.1201923076923077