4 0.4795673076923077 0.4206730769230769 0.06971153846153846 0.17548076923076922
1 0.22956730769230768 0.2980769230769231 0.08052884615384616 0.21033653846153846
5 0.21153846153846154 0.4375 0.07091346153846154 0.1346153846153846
3 0.25721153846153844 0.7860576923076923 0.06490384615384616 0.11899038461538461
3 0.3161057692307692 0.34375 0.05048076923076923 0.109375
3 0.48677884615384615 0.2620192307692308 0.04807692307692308 0.11778846153846154
3 0.4579326923076923 0.6658653846153846 0.05889423076923077 0.12379807692307693
3 0.3942307692307692 0.5384615384615384 0.057692307692307696 0.11538461538461539
3 0.5096153846153846 0.16947115384615385 0.051682692307692304 0.11177884615384616
5 0.43028846153846156 0.08413461538461539 0.055288461538461536 0.12379807692307693
0 0.4014423076923077 0.15745192307692307 0.052884615384615384 0.14903846153846154
0 0.6490384615384616 0.5384615384615384 0.07932692307692307 0.1466346153846154
8 0.6478365384615384 0.32091346153846156 0.06129807692307692 0.1346153846153846
8 0.7608173076923077 0.7908653846153846 0.0829326923076923 0.15264423076923078
11 0.8004807692307693 0.08774038461538461 0.06129807692307692 0.12860576923076922
10 0.6550480769230769 0.1502403846153846 0.06971153846153846 0.17307692307692307
7 0.8365384615384616 0.40625 0.09134615384615384 0.2127403846153846
6 0.8149038461538461 0.1502403846153846 0.0625 0.14543269230769232
6 0.6430288461538461 0.42908653846153844 0.06610576923076923 0.14543269230769232
9 0.5865384615384616 0.08774038461538461 0.04927884615384615 0.1045673076923077
9 0.5841346153846154 0.2439903846153846 0.054086538461538464 0.11177884615384616
9 0.7271634615384616 0.16466346153846154 0.052884615384615384 0.11057692307692307
9 0.7391826923076923 0.33533653846153844 0.055288461538461536 0.11658653846153846
9 0.7391826923076923 0.4375 0.06129807692307692 0.11177884615384616
9 0.7524038461538461 0.6622596153846154 0.06490384615384616 0.1201923076923077