4 0.39783653846153844 0.28966346153846156 0.07692307692307693 0.17908653846153846
2 0.5552884615384616 0.39783653846153844 0.07211538461538461 0.14182692307692307
6 0.5588942307692307 0.5997596153846154 0.06971153846153846 0.15144230769230768
10 0.6370192307692307 0.28966346153846156 0.0673076923076923 0.17548076923076922
8 0.8329326923076923 0.5949519230769231 0.07572115384615384 0.16346153846153846
7 0.7319711538461539 0.36778846153846156 0.07932692307692307 0.1971153846153846
11 0.7932692307692307 0.056490384615384616 0.0625 0.11177884615384616
11 0.7451923076923077 0.7415865384615384 0.0829326923076923 0.140625
9 0.7391826923076923 0.6117788461538461 0.0625 0.10817307692307693
9 0.7127403846153846 0.21634615384615385 0.057692307692307696 0.10576923076923077
9 0.7151442307692307 0.057692307692307696 0.057692307692307696 0.1045673076923077
9 0.5612980769230769 0.30288461538461536 0.046875 0.10216346153846154
9 0.5504807692307693 0.7355769230769231 0.06490384615384616 0.11778846153846154
3 0.4807692307692308 0.06610576923076923 0.054086538461538464 0.10216346153846154
3 0.32091346153846156 0.23076923076923078 0.055288461538461536 0.109375
3 0.33653846153846156 0.14302884615384615 0.051682692307692304 0.10216346153846154
3 0.48197115384615385 0.3004807692307692 0.056490384615384616 0.10576923076923077
3 0.37740384615384615 0.5048076923076923 0.05889423076923077 0.11778846153846154
3 0.3016826923076923 0.4050480769230769 0.052884615384615384 0.1141826923076923
1 0.2091346153846154 0.36778846153846156 0.08173076923076923 0.20552884615384615
5 0.16105769230769232 0.734375 0.0829326923076923 0.14423076923076922