5 0.8545673076923077 0.7415865384615384 0.07692307692307693 0.13822115384615385
11 0.6550480769230769 0.7211538461538461 0.06610576923076923 0.13942307692307693
1 0.7403846153846154 0.5973557692307693 0.08533653846153846 0.19591346153846154
4 0.6189903846153846 0.2920673076923077 0.06490384615384616 0.17427884615384615
3 0.7151442307692307 0.4050480769230769 0.055288461538461536 0.11298076923076923
3 0.6971153846153846 0.23076923076923078 0.04927884615384615 0.109375
3 0.640625 0.5036057692307693 0.04807692307692308 0.109375
2 0.4579326923076923 0.3870192307692308 0.06490384615384616 0.13581730769230768
3 0.5360576923076923 0.2956730769230769 0.04447115384615385 0.10096153846153846
8 0.5300480769230769 0.12860576923076922 0.055288461538461536 0.13581730769230768
8 0.46274038461538464 0.7247596153846154 0.0673076923076923 0.15264423076923078
6 0.45552884615384615 0.5949519230769231 0.055288461538461536 0.14182692307692307
10 0.38221153846153844 0.2824519230769231 0.05889423076923077 0.17668269230769232
7 0.28846153846153844 0.35697115384615385 0.0673076923076923 0.203125
11 0.23197115384615385 0.04927884615384615 0.046875 0.0985576923076923
9 0.4567307692307692 0.2956730769230769 0.04807692307692308 0.10216346153846154
9 0.30649038461538464 0.04807692307692308 0.05048076923076923 0.09615384615384616
9 0.3076923076923077 0.20432692307692307 0.04927884615384615 0.10576923076923077
9 0.2764423076923077 0.6009615384615384 0.06129807692307692 0.11177884615384616