5 0.14543269230769232 0.7415865384615384 0.07692307692307693 0.13822115384615385
11 0.3449519230769231 0.7211538461538461 0.06610576923076923 0.13942307692307693
1 0.25961538461538464 0.5973557692307693 0.08533653846153846 0.19591346153846154
4 0.38100961538461536 0.2920673076923077 0.06490384615384616 0.17427884615384615
3 0.2848557692307692 0.4050480769230769 0.055288461538461536 0.11298076923076923
3 0.30288461538461536 0.23076923076923078 0.04927884615384615 0.109375
3 0.359375 0.5036057692307693 0.04807692307692308 0.109375
2 0.5420673076923077 0.3870192307692308 0.06490384615384616 0.13581730769230768
3 0.4639423076923077 0.2956730769230769 0.04447115384615385 0.10096153846153846
8 0.4699519230769231 0.12860576923076922 0.055288461538461536 0.13581730769230768
8 0.5372596153846154 0.7247596153846154 0.0673076923076923 0.15264423076923078
6 0.5444711538461539 0.5949519230769231 0.055288461538461536 0.14182692307692307
10 0.6177884615384616 0.2824519230769231 0.05889423076923077 0.17668269230769232
7 0.7115384615384616 0.35697115384615385 0.0673076923076923 0.203125
11 0.7680288461538461 0.04927884615384615 0.046875 0.0985576923076923
9 0.5432692307692307 0.2956730769230769 0.04807692307692308 0.10216346153846154
9 0.6935096153846154 0.04807692307692308 0.05048076923076923 0.09615384615384616
9 0.6923076923076923 0.20432692307692307 0.04927884615384615 0.10576923076923077
9 0.7235576923076923 0.6009615384615384 0.06129807692307692 0.11177884615384616