9 0.1502403846153846 0.7451923076923077 0.09014423076923077 0.09615384615384616
9 0.25721153846153844 0.7439903846153846 0.07451923076923077 0.0889423076923077
9 0.3629807692307692 0.7439903846153846 0.08173076923076923 0.09254807692307693
9 0.4651442307692308 0.7415865384615384 0.07451923076923077 0.08774038461538461
9 0.5685096153846154 0.7451923076923077 0.07932692307692307 0.08653846153846154
9 0.671875 0.7439903846153846 0.06971153846153846 0.0889423076923077
9 0.7764423076923077 0.7403846153846154 0.07211538461538461 0.09014423076923077
9 0.8798076923076923 0.7427884615384616 0.078125 0.08533653846153846
11 0.15264423076923078 0.8425480769230769 0.08413461538461539 0.09254807692307693
11 0.8786057692307693 0.8413461538461539 0.0829326923076923 0.09134615384615384
8 0.2548076923076923 0.8473557692307693 0.09014423076923077 0.07932692307692307
8 0.7764423076923077 0.84375 0.09014423076923077 0.09375
6 0.3605769230769231 0.8473557692307693 0.0829326923076923 0.10336538461538461
6 0.6730769230769231 0.8473557692307693 0.08173076923076923 0.09375
7 0.46634615384615385 0.8449519230769231 0.09014423076923077 0.09735576923076923
10 0.5697115384615384 0.8449519230769231 0.10096153846153846 0.09735576923076923
3 0.15384615384615385 0.22115384615384615 0.08774038461538461 0.08653846153846154
3 0.25240384615384615 0.22596153846153846 0.0829326923076923 0.09495192307692307
3 0.359375 0.22355769230769232 0.08533653846153846 0.09615384615384616
3 0.46153846153846156 0.22716346153846154 0.0733173076923077 0.0889423076923077
3 0.5685096153846154 0.22596153846153846 0.08173076923076923 0.08173076923076923
3 0.671875 0.2283653846153846 0.07572115384615384 0.08052884615384616
3 0.7800480769230769 0.22716346153846154 0.07091346153846154 0.07932692307692307
3 0.8798076923076923 0.22596153846153846 0.08052884615384616 0.08533653846153846
5 0.8786057692307693 0.12259615384615384 0.07091346153846154 0.08653846153846154
5 0.15384615384615385 0.12259615384615384 0.078125 0.09495192307692307
2 0.2548076923076923 0.12379807692307693 0.09014423076923077 0.09254807692307693
2 0.7740384615384616 0.12259615384615384 0.09615384615384616 0.09134615384615384
0 0.671875 0.12259615384615384 0.08413461538461539 0.09495192307692307
0 0.3605769230769231 0.12259615384615384 0.08653846153846154 0.09495192307692307
1 0.4639423076923077 0.11658653846153846 0.0829326923076923 0.09254807692307693
4 0.5685096153846154 0.12139423076923077 0.0985576923076923 0.09254807692307693