9 0.8497596153846154 0.7451923076923077 0.09014423076923077 0.09615384615384616
9 0.7427884615384616 0.7439903846153846 0.07451923076923077 0.0889423076923077
9 0.6370192307692307 0.7439903846153846 0.08173076923076923 0.09254807692307693
9 0.5348557692307693 0.7415865384615384 0.07451923076923077 0.08774038461538461
9 0.43149038461538464 0.7451923076923077 0.07932692307692307 0.08653846153846154
9 0.328125 0.7439903846153846 0.06971153846153846 0.0889423076923077
9 0.22355769230769232 0.7403846153846154 0.07211538461538461 0.09014423076923077
9 0.1201923076923077 0.7427884615384616 0.078125 0.08533653846153846
11 0.8473557692307693 0.8425480769230769 0.08413461538461539 0.09254807692307693
11 0.12139423076923077 0.8413461538461539 0.0829326923076923 0.09134615384615384
8 0.7451923076923077 0.8473557692307693 0.09014423076923077 0.07932692307692307
8 0.22355769230769232 0.84375 0.09014423076923077 0.09375
6 0.6394230769230769 0.8473557692307693 0.0829326923076923 0.10336538461538461
6 0.3269230769230769 0.8473557692307693 0.08173076923076923 0.09375
7 0.5336538461538461 0.8449519230769231 0.09014423076923077 0.09735576923076923
10 0.43028846153846156 0.8449519230769231 0.10096153846153846 0.09735576923076923
3 0.8461538461538461 0.22115384615384615 0.08774038461538461 0.08653846153846154
3 0.7475961538461539 0.22596153846153846 0.0829326923076923 0.09495192307692307
3 0.640625 0.22355769230769232 0.08533653846153846 0.09615384615384616
3 0.5384615384615384 0.22716346153846154 0.0733173076923077 0.0889423076923077
3 0.43149038461538464 0.22596153846153846 0.08173076923076923 0.08173076923076923
3 0.328125 0.2283653846153846 0.07572115384615384 0.08052884615384616
3 0.21995192307692307 0.22716346153846154 0.07091346153846154 0.07932692307692307
3 0.1201923076923077 0.22596153846153846 0.08052884615384616 0.08533653846153846
5 0.12139423076923077 0.12259615384615384 0.07091346153846154 0.08653846153846154
5 0.8461538461538461 0.12259615384615384 0.078125 0.09495192307692307
2 0.7451923076923077 0.12379807692307693 0.09014423076923077 0.09254807692307693
2 0.22596153846153846 0.12259615384615384 0.09615384615384616 0.09134615384615384
0 0.328125 0.12259615384615384 0.08413461538461539 0.09495192307692307
0 0.6394230769230769 0.12259615384615384 0.08653846153846154 0.09495192307692307
1 0.5360576923076923 0.11658653846153846 0.0829326923076923 0.09254807692307693
4 0.43149038461538464 0.12139423076923077 0.0985576923076923 0.09254807692307693