5 0.09014423076923077 0.08653846153846154 0.0985576923076923 0.11658653846153846
5 0.9182692307692307 0.0889423076923077 0.09735576923076923 0.11177884615384616
2 0.7944711538461539 0.09134615384615384 0.11177884615384616 0.11298076923076923
2 0.20793269230769232 0.08533653846153846 0.11177884615384616 0.11778846153846154
0 0.32572115384615385 0.0889423076923077 0.11177884615384616 0.12139423076923077
0 0.6778846153846154 0.08774038461538461 0.10216346153846154 0.11778846153846154
4 0.4423076923076923 0.09014423076923077 0.11658653846153846 0.11899038461538461
1 0.5625 0.0889423076923077 0.1141826923076923 0.11177884615384616
3 0.9146634615384616 0.20432692307692307 0.09495192307692307 0.10817307692307693
3 0.7956730769230769 0.20552884615384615 0.09495192307692307 0.11177884615384616
3 0.6826923076923077 0.20673076923076922 0.09375 0.10817307692307693
3 0.5600961538461539 0.20673076923076922 0.0889423076923077 0.109375
3 0.44471153846153844 0.20432692307692307 0.08774038461538461 0.09975961538461539
3 0.328125 0.2091346153846154 0.09134615384615384 0.10096153846153846
3 0.20552884615384615 0.20432692307692307 0.08413461538461539 0.11298076923076923
3 0.09014423076923077 0.20793269230769232 0.08653846153846154 0.10576923076923077
11 0.9158653846153846 0.9122596153846154 0.09735576923076923 0.10576923076923077
11 0.09375 0.9086538461538461 0.0985576923076923 0.10697115384615384
8 0.21033653846153846 0.9122596153846154 0.10697115384615384 0.11057692307692307
8 0.7956730769230769 0.9134615384615384 0.11057692307692307 0.10817307692307693
6 0.32572115384615385 0.9110576923076923 0.10096153846153846 0.10817307692307693
6 0.6790865384615384 0.9110576923076923 0.1045673076923077 0.11298076923076923
7 0.5588942307692307 0.9110576923076923 0.10697115384615384 0.10697115384615384
10 0.4423076923076923 0.9134615384615384 0.11057692307692307 0.10817307692307693
9 0.9146634615384616 0.7956730769230769 0.10576923076923077 0.10576923076923077
9 0.7956730769230769 0.7920673076923077 0.0889423076923077 0.10336538461538461
9 0.6814903846153846 0.7956730769230769 0.0889423076923077 0.10096153846153846
9 0.5576923076923077 0.796875 0.08413461538461539 0.10697115384615384
9 0.4423076923076923 0.7956730769230769 0.0829326923076923 0.10576923076923077
9 0.33052884615384615 0.7956730769230769 0.08173076923076923 0.10576923076923077
9 0.21153846153846154 0.7920673076923077 0.08653846153846154 0.10336538461538461
9 0.09014423076923077 0.7932692307692307 0.07211538461538461 0.10576923076923077