10 0.8112980769230769 0.2764423076923077 0.06610576923076923 0.16947115384615385
7 0.8293269230769231 0.3641826923076923 0.06971153846153846 0.19110576923076922
8 0.6346153846153846 0.1971153846153846 0.057692307692307696 0.13701923076923078
8 0.8353365384615384 0.5985576923076923 0.06610576923076923 0.14302884615384615
11 0.7463942307692307 0.7391826923076923 0.06129807692307692 0.13341346153846154
11 0.7920673076923077 0.054086538461538464 0.054086538461538464 0.10697115384615384
6 0.8413461538461539 0.48677884615384615 0.06129807692307692 0.13822115384615385
6 0.6370192307692307 0.052884615384615384 0.04927884615384615 0.1045673076923077
9 0.5625 0.2980769230769231 0.040865384615384616 0.09375
9 0.5709134615384616 0.14182692307692307 0.037259615384615384 0.09495192307692307
9 0.7139423076923077 0.05889423076923077 0.042067307692307696 0.09615384615384616
9 0.71875 0.22355769230769232 0.04326923076923077 0.0985576923076923
9 0.7247596153846154 0.4098557692307692 0.052884615384615384 0.09735576923076923
9 0.734375 0.5120192307692307 0.046875 0.1045673076923077
9 0.7355769230769231 0.6141826923076923 0.04927884615384615 0.109375
9 0.5528846153846154 0.7331730769230769 0.052884615384615384 0.10817307692307693
2 0.4098557692307692 0.1310096153846154 0.04326923076923077 0.13221153846153846
2 0.5588942307692307 0.39302884615384615 0.05889423076923077 0.13942307692307693
4 0.2127403846153846 0.28846153846153844 0.06370192307692307 0.1466346153846154
1 0.21033653846153846 0.36658653846153844 0.07451923076923077 0.18389423076923078
5 0.41225961538461536 0.06370192307692307 0.04567307692307692 0.1141826923076923
5 0.15865384615384615 0.7355769230769231 0.07091346153846154 0.12980769230769232
0 0.24759615384615385 0.21033653846153846 0.042067307692307696 0.13221153846153846
0 0.29086538461538464 0.6129807692307693 0.057692307692307696 0.13822115384615385
3 0.2932692307692308 0.5096153846153846 0.052884615384615384 0.09615384615384616
3 0.30288461538461536 0.40384615384615385 0.05048076923076923 0.1045673076923077
3 0.38221153846153844 0.6177884615384616 0.051682692307692304 0.10216346153846154
3 0.3581730769230769 0.7415865384615384 0.051682692307692304 0.10576923076923077
3 0.32572115384615385 0.22956730769230768 0.04567307692307692 0.09495192307692307
3 0.33653846153846156 0.14783653846153846 0.039663461538461536 0.0985576923076923
3 0.4795673076923077 0.0673076923076923 0.038461538461538464 0.09615384615384616
3 0.4831730769230769 0.3016826923076923 0.040865384615384616 0.10216346153846154