1 0.2764423076923077 0.6358173076923077 0.07451923076923077 0.1971153846153846
5 0.15144230769230768 0.7800480769230769 0.06971153846153846 0.13581730769230768
11 0.3557692307692308 0.7716346153846154 0.06850961538461539 0.13581730769230768
3 0.3245192307692308 0.2548076923076923 0.04927884615384615 0.10096153846153846
3 0.3762019230769231 0.5432692307692307 0.051682692307692304 0.10096153846153846
4 0.40625 0.3233173076923077 0.06490384615384616 0.171875
2 0.5625 0.43509615384615385 0.0625 0.13942307692307693
3 0.49038461538461536 0.33774038461538464 0.04447115384615385 0.10096153846153846
10 0.6454326923076923 0.3317307692307692 0.06610576923076923 0.16947115384615385
7 0.7403846153846154 0.4182692307692308 0.0673076923076923 0.19591346153846154
11 0.8257211538461539 0.25 0.0625 0.125
9 0.5697115384615384 0.3401442307692308 0.04567307692307692 0.09975961538461539
9 0.6454326923076923 0.1814903846153846 0.04927884615384615 0.10697115384615384
9 0.7283653846153846 0.0889423076923077 0.04567307692307692 0.10216346153846154
9 0.7451923076923077 0.6694711538461539 0.056490384615384616 0.11778846153846154