1 0.23076923076923078 0.3004807692307692 0.07932692307692307 0.203125
0 0.4026442307692308 0.15625 0.052884615384615384 0.15144230769230768
0 0.640625 0.5408653846153846 0.06610576923076923 0.14903846153846154
2 0.40384615384615385 0.33774038461538464 0.057692307692307696 0.14903846153846154
2 0.5564903846153846 0.78125 0.08052884615384616 0.1622596153846154
5 0.42788461538461536 0.08413461538461539 0.054086538461538464 0.12740384615384615
5 0.4795673076923077 0.4375 0.06610576923076923 0.13822115384615385
3 0.25961538461538464 0.7836538461538461 0.06971153846153846 0.12980769230769232
3 0.3173076923076923 0.34134615384615385 0.054086538461538464 0.11057692307692307
3 0.5096153846153846 0.17548076923076922 0.046875 0.10817307692307693
3 0.5805288461538461 0.1814903846153846 0.056490384615384616 0.109375
3 0.390625 0.5396634615384616 0.056490384615384616 0.11658653846153846
3 0.45552884615384615 0.6658653846153846 0.06370192307692307 0.12379807692307693
7 0.8389423076923077 0.40865384615384615 0.08173076923076923 0.2091346153846154
8 0.765625 0.7884615384615384 0.07572115384615384 0.16105769230769232
10 0.6550480769230769 0.14783653846153846 0.0625 0.17908653846153846
11 0.7992788461538461 0.08653846153846154 0.06009615384615385 0.125
6 0.6454326923076923 0.42427884615384615 0.0625 0.14783653846153846
6 0.8137019230769231 0.1502403846153846 0.057692307692307696 0.1466346153846154
9 0.5889423076923077 0.08533653846153846 0.052884615384615384 0.1045673076923077
9 0.7271634615384616 0.16947115384615385 0.051682692307692304 0.10697115384615384
9 0.7427884615384616 0.33774038461538464 0.051682692307692304 0.109375
9 0.7403846153846154 0.4387019230769231 0.06009615384615385 0.11177884615384616
9 0.7512019230769231 0.6658653846153846 0.06610576923076923 0.1201923076923077