1 0.7692307692307693 0.3004807692307692 0.07932692307692307 0.203125
0 0.5973557692307693 0.15625 0.052884615384615384 0.15144230769230768
0 0.359375 0.5408653846153846 0.06610576923076923 0.14903846153846154
2 0.5961538461538461 0.33774038461538464 0.057692307692307696 0.14903846153846154
2 0.44350961538461536 0.78125 0.08052884615384616 0.1622596153846154
5 0.5721153846153846 0.08413461538461539 0.054086538461538464 0.12740384615384615
5 0.5204326923076923 0.4375 0.06610576923076923 0.13822115384615385
3 0.7403846153846154 0.7836538461538461 0.06971153846153846 0.12980769230769232
3 0.6826923076923077 0.34134615384615385 0.054086538461538464 0.11057692307692307
3 0.49038461538461536 0.17548076923076922 0.046875 0.10817307692307693
3 0.41947115384615385 0.1814903846153846 0.056490384615384616 0.109375
3 0.609375 0.5396634615384616 0.056490384615384616 0.11658653846153846
3 0.5444711538461539 0.6658653846153846 0.06370192307692307 0.12379807692307693
7 0.16105769230769232 0.40865384615384615 0.08173076923076923 0.2091346153846154
8 0.234375 0.7884615384615384 0.07572115384615384 0.16105769230769232
10 0.3449519230769231 0.14783653846153846 0.0625 0.17908653846153846
11 0.20072115384615385 0.08653846153846154 0.06009615384615385 0.125
6 0.3545673076923077 0.42427884615384615 0.0625 0.14783653846153846
6 0.18629807692307693 0.1502403846153846 0.057692307692307696 0.1466346153846154
9 0.4110576923076923 0.08533653846153846 0.052884615384615384 0.1045673076923077
9 0.27283653846153844 0.16947115384615385 0.051682692307692304 0.10697115384615384
9 0.25721153846153844 0.33774038461538464 0.051682692307692304 0.109375
9 0.25961538461538464 0.4387019230769231 0.06009615384615385 0.11177884615384616
9 0.24879807692307693 0.6658653846153846 0.06610576923076923 0.1201923076923077