5 0.25841346153846156 0.0673076923076923 0.04807692307692308 0.109375
3 0.2620192307692308 0.7319711538461539 0.051682692307692304 0.11298076923076923
5 0.15985576923076922 0.7355769230769231 0.07091346153846154 0.12860576923076922
9 0.7463942307692307 0.7379807692307693 0.056490384615384616 0.10576923076923077
11 0.8569711538461539 0.7451923076923077 0.0673076923076923 0.1346153846153846
8 0.7896634615384616 0.12620192307692307 0.056490384615384616 0.12620192307692307
2 0.25721153846153844 0.13221153846153846 0.054086538461538464 0.12259615384615384
9 0.7151442307692307 0.13942307692307693 0.040865384615384616 0.09014423076923077
3 0.33533653846153844 0.14543269230769232 0.040865384615384616 0.09375
6 0.8052884615384616 0.20192307692307693 0.04807692307692308 0.13341346153846154
0 0.24879807692307693 0.21033653846153846 0.04447115384615385 0.12620192307692307
9 0.7175480769230769 0.22355769230769232 0.039663461538461536 0.09615384615384616
3 0.3233173076923077 0.22716346153846154 0.039663461538461536 0.09375
10 0.8112980769230769 0.2800480769230769 0.06129807692307692 0.16706730769230768
4 0.21754807692307693 0.2956730769230769 0.06610576923076923 0.15745192307692307
9 0.7235576923076923 0.3076923076923077 0.04326923076923077 0.09735576923076923
3 0.31490384615384615 0.3088942307692308 0.04326923076923077 0.0985576923076923
7 0.8257211538461539 0.36538461538461536 0.06610576923076923 0.19110576923076922
1 0.20793269230769232 0.36778846153846156 0.07451923076923077 0.1814903846153846
3 0.3016826923076923 0.4014423076923077 0.04567307692307692 0.0985576923076923
9 0.7211538461538461 0.4074519230769231 0.04447115384615385 0.0985576923076923
6 0.8389423076923077 0.48677884615384615 0.056490384615384616 0.1310096153846154
0 0.19471153846153846 0.49399038461538464 0.0625 0.13221153846153846
3 0.28846153846153844 0.5072115384615384 0.046875 0.0985576923076923
9 0.734375 0.5132211538461539 0.046875 0.10216346153846154
11 0.7896634615384616 0.051682692307692304 0.04567307692307692 0.10336538461538461
9 0.7127403846153846 0.05889423076923077 0.042067307692307696 0.09375
8 0.8329326923076923 0.6033653846153846 0.06610576923076923 0.13942307692307693
2 0.17307692307692307 0.6117788461538461 0.07451923076923077 0.12620192307692307
3 0.2764423076923077 0.6153846153846154 0.052884615384615384 0.10336538461538461
9 0.734375 0.6165865384615384 0.04927884615384615 0.10336538461538461
3 0.3401442307692308 0.06370192307692307 0.039663461538461536 0.09735576923076923