10 0.6550480769230769 0.14543269230769232 0.0673076923076923 0.18028846153846154
7 0.8341346153846154 0.30649038461538464 0.078125 0.20552884615384615
8 0.5480769230769231 0.6466346153846154 0.06610576923076923 0.16466346153846154
5 0.7295673076923077 0.07211538461538461 0.06129807692307692 0.12259615384615384
11 0.5745192307692307 0.16105769230769232 0.057692307692307696 0.1346153846153846
6 0.5588942307692307 0.4326923076923077 0.05889423076923077 0.15384615384615385
9 0.7247596153846154 0.16947115384615385 0.04807692307692308 0.11177884615384616
9 0.7391826923076923 0.3389423076923077 0.056490384615384616 0.1141826923076923
9 0.6490384615384616 0.33052884615384615 0.054086538461538464 0.11778846153846154
9 0.6430288461538461 0.5612980769230769 0.057692307692307696 0.12139423076923077
2 0.7572115384615384 0.6466346153846154 0.07091346153846154 0.1622596153846154
0 0.49278846153846156 0.234375 0.055288461538461536 0.14903846153846154
1 0.22716346153846154 0.3004807692307692 0.08533653846153846 0.2091346153846154
3 0.31490384615384615 0.3449519230769231 0.052884615384615384 0.10817307692307693
3 0.3918269230769231 0.5360576923076923 0.051682692307692304 0.12259615384615384
3 0.45913461538461536 0.6646634615384616 0.06009615384615385 0.11899038461538461