1 0.23076923076923078 0.29447115384615385 0.08173076923076923 0.203125
5 0.43028846153846156 0.08052884615384616 0.06009615384615385 0.12980769230769232
0 0.49278846153846156 0.23076923076923078 0.056490384615384616 0.1502403846153846
3 0.5805288461538461 0.17668269230769232 0.04807692307692308 0.11658653846153846
3 0.3173076923076923 0.34134615384615385 0.051682692307692304 0.11298076923076923
3 0.39302884615384615 0.5408653846153846 0.057692307692307696 0.11778846153846154
3 0.46033653846153844 0.6646634615384616 0.06009615384615385 0.12259615384615384
2 0.5661057692307693 0.6538461538461539 0.06610576923076923 0.15384615384615385
2 0.7608173076923077 0.6382211538461539 0.0733173076923077 0.15625
10 0.6550480769230769 0.14783653846153846 0.06009615384615385 0.17548076923076922
11 0.8040865384615384 0.09134615384615384 0.06610576923076923 0.13221153846153846
7 0.8317307692307693 0.30528846153846156 0.0733173076923077 0.203125
8 0.765625 0.7884615384615384 0.078125 0.16105769230769232
6 0.5600961538461539 0.4326923076923077 0.06009615384615385 0.14783653846153846
9 0.6538461538461539 0.3293269230769231 0.055288461538461536 0.1201923076923077
9 0.7283653846153846 0.16706730769230768 0.04927884615384615 0.11298076923076923
9 0.7403846153846154 0.33774038461538464 0.04807692307692308 0.11538461538461539
9 0.6454326923076923 0.5600961538461539 0.056490384615384616 0.12139423076923077