2 0.28725961538461536 0.6141826923076923 0.0733173076923077 0.14302884615384615
5 0.16105769230769232 0.7319711538461539 0.07572115384615384 0.13822115384615385
1 0.21153846153846154 0.36778846153846156 0.07692307692307693 0.20192307692307693
4 0.4026442307692308 0.29447115384615385 0.06370192307692307 0.1814903846153846
5 0.41225961538461536 0.06370192307692307 0.051682692307692304 0.11658653846153846
8 0.4110576923076923 0.1310096153846154 0.054086538461538464 0.1310096153846154
8 0.5588942307692307 0.39302884615384615 0.06129807692307692 0.13701923076923078
3 0.4807692307692308 0.0673076923076923 0.046875 0.1045673076923077
3 0.32211538461538464 0.2283653846153846 0.04927884615384615 0.09975961538461539
3 0.33653846153846156 0.14423076923076922 0.046875 0.0985576923076923
3 0.3016826923076923 0.4026442307692308 0.05048076923076923 0.10817307692307693
3 0.2932692307692308 0.5048076923076923 0.055288461538461536 0.109375
3 0.359375 0.7379807692307693 0.06490384615384616 0.11177884615384616
3 0.48197115384615385 0.2980769230769231 0.04807692307692308 0.10817307692307693
7 0.8269230769230769 0.3641826923076923 0.07572115384615384 0.1971153846153846
11 0.7932692307692307 0.052884615384615384 0.055288461538461536 0.10576923076923077
11 0.7463942307692307 0.7415865384615384 0.06971153846153846 0.13942307692307693
6 0.8425480769230769 0.4855769230769231 0.0673076923076923 0.140625
10 0.8125 0.2764423076923077 0.0673076923076923 0.171875
8 0.6358173076923077 0.19591346153846154 0.06009615384615385 0.13701923076923078
8 0.8365384615384616 0.6009615384615384 0.07091346153846154 0.1466346153846154
9 0.5625 0.3016826923076923 0.04567307692307692 0.10216346153846154
9 0.7151442307692307 0.056490384615384616 0.04807692307692308 0.0985576923076923
9 0.71875 0.22355769230769232 0.05048076923076923 0.10697115384615384
9 0.7271634615384616 0.41225961538461536 0.051682692307692304 0.1045673076923077
9 0.7355769230769231 0.5120192307692307 0.055288461538461536 0.10216346153846154
9 0.7379807692307693 0.6141826923076923 0.056490384615384616 0.10817307692307693
9 0.5516826923076923 0.7331730769230769 0.056490384615384616 0.11538461538461539