5 0.8365384615384616 0.7307692307692307 0.07692307692307693 0.13701923076923078
1 0.8028846153846154 0.484375 0.09134615384615384 0.20552884615384615
4 0.5973557692307693 0.2920673076923077 0.06370192307692307 0.17668269230769232
8 0.5048076923076923 0.1346153846153846 0.06610576923076923 0.1310096153846154
3 0.5204326923076923 0.06490384615384616 0.046875 0.09975961538461539
3 0.6947115384615384 0.40384615384615385 0.052884615384615384 0.11538461538461539
3 0.6730769230769231 0.22596153846153846 0.056490384615384616 0.10336538461538461
3 0.515625 0.30288461538461536 0.04807692307692308 0.10576923076923077
3 0.625 0.5024038461538461 0.055288461538461536 0.11298076923076923
2 0.43990384615384615 0.39302884615384615 0.06129807692307692 0.13822115384615385
8 0.15985576923076922 0.5985576923076923 0.07572115384615384 0.1466346153846154
10 0.3605769230769231 0.29086538461538464 0.06490384615384616 0.16947115384615385
7 0.2692307692307692 0.36778846153846156 0.07692307692307693 0.1971153846153846
9 0.2620192307692308 0.6165865384615384 0.057692307692307696 0.11298076923076923
11 0.2536057692307692 0.7439903846153846 0.06971153846153846 0.13822115384615385
11 0.20432692307692307 0.054086538461538464 0.06129807692307692 0.10817307692307693
9 0.28125 0.055288461538461536 0.052884615384615384 0.109375
9 0.4362980769230769 0.30408653846153844 0.056490384615384616 0.10576923076923077
9 0.2860576923076923 0.21995192307692307 0.046875 0.11298076923076923
6 0.4375 0.5985576923076923 0.0673076923076923 0.14783653846153846
9 0.44591346153846156 0.7355769230769231 0.05889423076923077 0.11778846153846154