5 0.16346153846153846 0.7307692307692307 0.07692307692307693 0.13701923076923078
1 0.1971153846153846 0.484375 0.09134615384615384 0.20552884615384615
4 0.4026442307692308 0.2920673076923077 0.06370192307692307 0.17668269230769232
8 0.4951923076923077 0.1346153846153846 0.06610576923076923 0.1310096153846154
3 0.4795673076923077 0.06490384615384616 0.046875 0.09975961538461539
3 0.30528846153846156 0.40384615384615385 0.052884615384615384 0.11538461538461539
3 0.3269230769230769 0.22596153846153846 0.056490384615384616 0.10336538461538461
3 0.484375 0.30288461538461536 0.04807692307692308 0.10576923076923077
3 0.375 0.5024038461538461 0.055288461538461536 0.11298076923076923
2 0.5600961538461539 0.39302884615384615 0.06129807692307692 0.13822115384615385
8 0.8401442307692307 0.5985576923076923 0.07572115384615384 0.1466346153846154
10 0.6394230769230769 0.29086538461538464 0.06490384615384616 0.16947115384615385
7 0.7307692307692307 0.36778846153846156 0.07692307692307693 0.1971153846153846
9 0.7379807692307693 0.6165865384615384 0.057692307692307696 0.11298076923076923
11 0.7463942307692307 0.7439903846153846 0.06971153846153846 0.13822115384615385
11 0.7956730769230769 0.054086538461538464 0.06129807692307692 0.10817307692307693
9 0.71875 0.055288461538461536 0.052884615384615384 0.109375
9 0.5637019230769231 0.30408653846153844 0.056490384615384616 0.10576923076923077
9 0.7139423076923077 0.21995192307692307 0.046875 0.11298076923076923
6 0.5625 0.5985576923076923 0.0673076923076923 0.14783653846153846
9 0.5540865384615384 0.7355769230769231 0.05889423076923077 0.11778846153846154