5 0.16105769230769232 0.7331730769230769 0.078125 0.140625
1 0.18990384615384615 0.48677884615384615 0.08052884615384616 0.20432692307692307
3 0.47836538461538464 0.06610576923076923 0.04567307692307692 0.10697115384615384
2 0.5588942307692307 0.3942307692307692 0.0673076923076923 0.13942307692307693
7 0.7331730769230769 0.37259615384615385 0.07572115384615384 0.20432692307692307
10 0.6394230769230769 0.29086538461538464 0.06610576923076923 0.1875
4 0.4026442307692308 0.2920673076923077 0.0673076923076923 0.17668269230769232
3 0.33653846153846156 0.14302884615384615 0.04807692307692308 0.109375
3 0.32572115384615385 0.22355769230769232 0.05048076923076923 0.10817307692307693
3 0.3016826923076923 0.4050480769230769 0.051682692307692304 0.10576923076923077
3 0.3762019230769231 0.5072115384615384 0.06009615384615385 0.11778846153846154
3 0.484375 0.2980769230769231 0.052884615384615384 0.11658653846153846
8 0.49399038461538464 0.13221153846153846 0.06490384615384616 0.14903846153846154
8 0.8365384615384616 0.6009615384615384 0.07451923076923077 0.15144230769230768
11 0.7439903846153846 0.7451923076923077 0.08413461538461539 0.1466346153846154
11 0.7944711538461539 0.055288461538461536 0.06009615384615385 0.11057692307692307
6 0.5612980769230769 0.5997596153846154 0.06610576923076923 0.14903846153846154
9 0.5637019230769231 0.3004807692307692 0.054086538461538464 0.10096153846153846
9 0.7163461538461539 0.055288461538461536 0.05048076923076923 0.09735576923076923
9 0.7163461538461539 0.21514423076923078 0.051682692307692304 0.11538461538461539
9 0.7391826923076923 0.6153846153846154 0.0625 0.11658653846153846
9 0.5504807692307693 0.7379807692307693 0.06009615384615385 0.1141826923076923