5 0.8389423076923077 0.7331730769230769 0.078125 0.140625
1 0.8100961538461539 0.48677884615384615 0.08052884615384616 0.20432692307692307
3 0.5216346153846154 0.06610576923076923 0.04567307692307692 0.10697115384615384
2 0.4411057692307692 0.3942307692307692 0.0673076923076923 0.13942307692307693
7 0.2668269230769231 0.37259615384615385 0.07572115384615384 0.20432692307692307
10 0.3605769230769231 0.29086538461538464 0.06610576923076923 0.1875
4 0.5973557692307693 0.2920673076923077 0.0673076923076923 0.17668269230769232
3 0.6634615384615384 0.14302884615384615 0.04807692307692308 0.109375
3 0.6742788461538461 0.22355769230769232 0.05048076923076923 0.10817307692307693
3 0.6983173076923077 0.4050480769230769 0.051682692307692304 0.10576923076923077
3 0.6237980769230769 0.5072115384615384 0.06009615384615385 0.11778846153846154
3 0.515625 0.2980769230769231 0.052884615384615384 0.11658653846153846
8 0.5060096153846154 0.13221153846153846 0.06490384615384616 0.14903846153846154
8 0.16346153846153846 0.6009615384615384 0.07451923076923077 0.15144230769230768
11 0.25600961538461536 0.7451923076923077 0.08413461538461539 0.1466346153846154
11 0.20552884615384615 0.055288461538461536 0.06009615384615385 0.11057692307692307
6 0.4387019230769231 0.5997596153846154 0.06610576923076923 0.14903846153846154
9 0.4362980769230769 0.3004807692307692 0.054086538461538464 0.10096153846153846
9 0.28365384615384615 0.055288461538461536 0.05048076923076923 0.09735576923076923
9 0.28365384615384615 0.21514423076923078 0.051682692307692304 0.11538461538461539
9 0.2608173076923077 0.6153846153846154 0.0625 0.11658653846153846
9 0.4495192307692308 0.7379807692307693 0.06009615384615385 0.1141826923076923