1 0.234375 0.3016826923076923 0.09014423076923077 0.20673076923076922
2 0.35216346153846156 0.7716346153846154 0.08533653846153846 0.16466346153846154
5 0.3389423076923077 0.16466346153846154 0.06009615384615385 0.13822115384615385
3 0.29927884615384615 0.5432692307692307 0.06009615384615385 0.11658653846153846
3 0.4831730769230769 0.3485576923076923 0.052884615384615384 0.11538461538461539
0 0.4651442307692308 0.5396634615384616 0.06009615384615385 0.1502403846153846
0 0.6490384615384616 0.1502403846153846 0.06971153846153846 0.15985576923076922
7 0.8233173076923077 0.39663461538461536 0.09014423076923077 0.21033653846153846
9 0.6586538461538461 0.5444711538461539 0.057692307692307696 0.12139423076923077
8 0.8052884615384616 0.1466346153846154 0.07091346153846154 0.1658653846153846
6 0.4963942307692308 0.06971153846153846 0.06009615384615385 0.13822115384615385
6 0.8533653846153846 0.6430288461538461 0.0733173076923077 0.15384615384615385