1 0.765625 0.3016826923076923 0.09014423076923077 0.20673076923076922
2 0.6478365384615384 0.7716346153846154 0.08533653846153846 0.16466346153846154
5 0.6610576923076923 0.16466346153846154 0.06009615384615385 0.13822115384615385
3 0.7007211538461539 0.5432692307692307 0.06009615384615385 0.11658653846153846
3 0.5168269230769231 0.3485576923076923 0.052884615384615384 0.11538461538461539
0 0.5348557692307693 0.5396634615384616 0.06009615384615385 0.1502403846153846
0 0.35096153846153844 0.1502403846153846 0.06971153846153846 0.15985576923076922
7 0.17668269230769232 0.39663461538461536 0.09014423076923077 0.21033653846153846
9 0.34134615384615385 0.5444711538461539 0.057692307692307696 0.12139423076923077
8 0.19471153846153846 0.1466346153846154 0.07091346153846154 0.1658653846153846
6 0.5036057692307693 0.06971153846153846 0.06009615384615385 0.13822115384615385
6 0.1466346153846154 0.6430288461538461 0.0733173076923077 0.15384615384615385