5 0.14903846153846154 0.7427884615384616 0.07091346153846154 0.13701923076923078
1 0.26322115384615385 0.5961538461538461 0.08653846153846154 0.2127403846153846
4 0.38461538461538464 0.28966346153846156 0.06850961538461539 0.171875
3 0.30288461538461536 0.2247596153846154 0.04567307692307692 0.10697115384615384
3 0.359375 0.5036057692307693 0.05048076923076923 0.11538461538461539
3 0.46634615384615385 0.2980769230769231 0.05048076923076923 0.10817307692307693
2 0.5420673076923077 0.390625 0.0733173076923077 0.14182692307692307
10 0.6201923076923077 0.2848557692307692 0.06610576923076923 0.18389423076923078
7 0.7127403846153846 0.3545673076923077 0.07091346153846154 0.20552884615384615
9 0.546875 0.2956730769230769 0.056490384615384616 0.109375
9 0.6141826923076923 0.13581730769230768 0.051682692307692304 0.10697115384615384
9 0.6959134615384616 0.05048076923076923 0.04807692307692308 0.10096153846153846
9 0.7247596153846154 0.6021634615384616 0.06370192307692307 0.125
11 0.7908653846153846 0.19831730769230768 0.0625 0.12860576923076922
11 0.3425480769230769 0.7235576923076923 0.0733173076923077 0.15384615384615385