5 0.8509615384615384 0.7427884615384616 0.07091346153846154 0.13701923076923078
1 0.7367788461538461 0.5961538461538461 0.08653846153846154 0.2127403846153846
4 0.6153846153846154 0.28966346153846156 0.06850961538461539 0.171875
3 0.6971153846153846 0.2247596153846154 0.04567307692307692 0.10697115384615384
3 0.640625 0.5036057692307693 0.05048076923076923 0.11538461538461539
3 0.5336538461538461 0.2980769230769231 0.05048076923076923 0.10817307692307693
2 0.4579326923076923 0.390625 0.0733173076923077 0.14182692307692307
10 0.3798076923076923 0.2848557692307692 0.06610576923076923 0.18389423076923078
7 0.28725961538461536 0.3545673076923077 0.07091346153846154 0.20552884615384615
9 0.453125 0.2956730769230769 0.056490384615384616 0.109375
9 0.3858173076923077 0.13581730769230768 0.051682692307692304 0.10697115384615384
9 0.30408653846153844 0.05048076923076923 0.04807692307692308 0.10096153846153846
9 0.27524038461538464 0.6021634615384616 0.06370192307692307 0.125
11 0.2091346153846154 0.19831730769230768 0.0625 0.12860576923076922
11 0.6574519230769231 0.7235576923076923 0.0733173076923077 0.15384615384615385