1 0.7692307692307693 0.2980769230769231 0.08052884615384616 0.203125
0 0.5949519230769231 0.15745192307692307 0.055288461538461536 0.14302884615384615
5 0.5733173076923077 0.08533653846153846 0.057692307692307696 0.11778846153846154
5 0.515625 0.2439903846153846 0.06370192307692307 0.12259615384615384
2 0.43990384615384615 0.24879807692307693 0.057692307692307696 0.13221153846153846
3 0.4206730769230769 0.1814903846153846 0.051682692307692304 0.10576923076923077
3 0.6850961538461539 0.34134615384615385 0.05048076923076923 0.10817307692307693
3 0.6069711538461539 0.5408653846153846 0.051682692307692304 0.11658653846153846
3 0.7415865384615384 0.7824519230769231 0.06129807692307692 0.11778846153846154
3 0.5408653846153846 0.6658653846153846 0.06129807692307692 0.12379807692307693
2 0.44350961538461536 0.7800480769230769 0.0733173076923077 0.1658653846153846
7 0.15985576923076922 0.40865384615384615 0.08413461538461539 0.20552884615384615
11 0.1971153846153846 0.0829326923076923 0.06490384615384616 0.13221153846153846
8 0.23677884615384615 0.7884615384615384 0.08173076923076923 0.1622596153846154
10 0.3425480769230769 0.14903846153846154 0.0673076923076923 0.1814903846153846
6 0.18509615384615385 0.1502403846153846 0.057692307692307696 0.14182692307692307
6 0.3545673076923077 0.42788461538461536 0.06009615384615385 0.14543269230769232
9 0.5048076923076923 0.15985576923076922 0.052884615384615384 0.109375
9 0.27283653846153844 0.16706730769230768 0.056490384615384616 0.1141826923076923
9 0.25721153846153844 0.33533653846153844 0.051682692307692304 0.109375
9 0.25600961538461536 0.4362980769230769 0.06129807692307692 0.11298076923076923
9 0.35697115384615385 0.5600961538461539 0.06129807692307692 0.1201923076923077