4 0.21634615384615385 0.2956730769230769 0.07451923076923077 0.16466346153846154
1 0.21153846153846154 0.3701923076923077 0.07451923076923077 0.18990384615384615
5 0.16105769230769232 0.734375 0.07451923076923077 0.13221153846153846
5 0.2608173076923077 0.0673076923076923 0.04447115384615385 0.109375
0 0.24639423076923078 0.21033653846153846 0.046875 0.13581730769230768
0 0.29086538461538464 0.6141826923076923 0.06129807692307692 0.13581730769230768
3 0.3401442307692308 0.06009615384615385 0.042067307692307696 0.09735576923076923
3 0.3233173076923077 0.22956730769230768 0.040865384615384616 0.0985576923076923
3 0.33413461538461536 0.14543269230769232 0.039663461538461536 0.09495192307692307
3 0.28966346153846156 0.5060096153846154 0.052884615384615384 0.09495192307692307
3 0.3016826923076923 0.40024038461538464 0.04326923076923077 0.10336538461538461
3 0.3557692307692308 0.7391826923076923 0.04807692307692308 0.1045673076923077
3 0.38100961538461536 0.6177884615384616 0.051682692307692304 0.109375
3 0.4831730769230769 0.3004807692307692 0.04447115384615385 0.09975961538461539
2 0.4098557692307692 0.1310096153846154 0.05048076923076923 0.12740384615384615
2 0.5552884615384616 0.38822115384615385 0.055288461538461536 0.14182692307692307
10 0.8112980769230769 0.27524038461538464 0.06129807692307692 0.16826923076923078
7 0.8269230769230769 0.3605769230769231 0.06490384615384616 0.1875
6 0.8052884615384616 0.20192307692307693 0.04807692307692308 0.13221153846153846
6 0.8401442307692307 0.4891826923076923 0.055288461538461536 0.1310096153846154
8 0.6358173076923077 0.20192307692307693 0.04807692307692308 0.14182692307692307
8 0.8341346153846154 0.6021634615384616 0.0673076923076923 0.140625
11 0.7451923076923077 0.7403846153846154 0.06009615384615385 0.13581730769230768
11 0.7920673076923077 0.052884615384615384 0.04326923076923077 0.10576923076923077
9 0.7151442307692307 0.056490384615384616 0.036057692307692304 0.09134615384615384
9 0.7139423076923077 0.13581730769230768 0.038461538461538464 0.08774038461538461
9 0.7175480769230769 0.22355769230769232 0.038461538461538464 0.09134615384615384
9 0.7235576923076923 0.3076923076923077 0.04326923076923077 0.0985576923076923
9 0.7247596153846154 0.4074519230769231 0.046875 0.09735576923076923
9 0.734375 0.5096153846153846 0.046875 0.10096153846153846
9 0.7367788461538461 0.6129807692307693 0.04927884615384615 0.1045673076923077
9 0.5516826923076923 0.734375 0.051682692307692304 0.11298076923076923