4 0.7848557692307693 0.296875 0.07091346153846154 0.1622596153846154
1 0.7908653846153846 0.36899038461538464 0.07692307692307693 0.1875
5 0.8413461538461539 0.7307692307692307 0.07211538461538461 0.13581730769230768
5 0.7415865384615384 0.06610576923076923 0.051682692307692304 0.11177884615384616
0 0.7536057692307693 0.21153846153846154 0.046875 0.1310096153846154
0 0.7091346153846154 0.6153846153846154 0.06009615384615385 0.12379807692307693
3 0.6983173076923077 0.39903846153846156 0.04447115384615385 0.09615384615384616
3 0.7091346153846154 0.5048076923076923 0.04807692307692308 0.10216346153846154
3 0.6430288461538461 0.7391826923076923 0.051682692307692304 0.10096153846153846
3 0.6177884615384616 0.6141826923076923 0.05048076923076923 0.10697115384615384
3 0.6766826923076923 0.2283653846153846 0.042067307692307696 0.09254807692307693
3 0.6646634615384616 0.1466346153846154 0.039663461538461536 0.09014423076923077
3 0.6586538461538461 0.06129807692307692 0.040865384615384616 0.0985576923076923
2 0.5889423076923077 0.13221153846153846 0.04807692307692308 0.1310096153846154
2 0.6286057692307693 0.4831730769230769 0.06129807692307692 0.13822115384615385
3 0.5168269230769231 0.3016826923076923 0.04326923076923077 0.10216346153846154
10 0.18870192307692307 0.2764423076923077 0.06009615384615385 0.1658653846153846
7 0.17307692307692307 0.36177884615384615 0.06610576923076923 0.1935096153846154
6 0.1622596153846154 0.4879807692307692 0.055288461538461536 0.1346153846153846
6 0.1935096153846154 0.20192307692307693 0.05048076923076923 0.1310096153846154
8 0.36658653846153844 0.19951923076923078 0.05889423076923077 0.14903846153846154
8 0.16826923076923078 0.5973557692307693 0.0673076923076923 0.15144230769230768
9 0.4519230769230769 0.7355769230769231 0.051682692307692304 0.1045673076923077
9 0.2608173076923077 0.6165865384615384 0.056490384615384616 0.10336538461538461
9 0.2644230769230769 0.5180288461538461 0.057692307692307696 0.10817307692307693
9 0.27524038461538464 0.4098557692307692 0.054086538461538464 0.0985576923076923
9 0.2776442307692308 0.3088942307692308 0.057692307692307696 0.09735576923076923
9 0.2800480769230769 0.22235576923076922 0.05048076923076923 0.09254807692307693
9 0.2860576923076923 0.13942307692307693 0.051682692307692304 0.09014423076923077
9 0.2860576923076923 0.05889423076923077 0.038461538461538464 0.09375
11 0.20793269230769232 0.052884615384615384 0.05048076923076923 0.10576923076923077
11 0.2548076923076923 0.7391826923076923 0.06129807692307692 0.13221153846153846