4 0.21514423076923078 0.296875 0.07091346153846154 0.1622596153846154
1 0.2091346153846154 0.36899038461538464 0.07692307692307693 0.1875
5 0.15865384615384615 0.7307692307692307 0.07211538461538461 0.13581730769230768
5 0.25841346153846156 0.06610576923076923 0.051682692307692304 0.11177884615384616
0 0.24639423076923078 0.21153846153846154 0.046875 0.1310096153846154
0 0.29086538461538464 0.6153846153846154 0.06009615384615385 0.12379807692307693
3 0.3016826923076923 0.39903846153846156 0.04447115384615385 0.09615384615384616
3 0.29086538461538464 0.5048076923076923 0.04807692307692308 0.10216346153846154
3 0.35697115384615385 0.7391826923076923 0.051682692307692304 0.10096153846153846
3 0.38221153846153844 0.6141826923076923 0.05048076923076923 0.10697115384615384
3 0.3233173076923077 0.2283653846153846 0.042067307692307696 0.09254807692307693
3 0.33533653846153844 0.1466346153846154 0.039663461538461536 0.09014423076923077
3 0.34134615384615385 0.06129807692307692 0.040865384615384616 0.0985576923076923
2 0.4110576923076923 0.13221153846153846 0.04807692307692308 0.1310096153846154
2 0.3713942307692308 0.4831730769230769 0.06129807692307692 0.13822115384615385
3 0.4831730769230769 0.3016826923076923 0.04326923076923077 0.10216346153846154
10 0.8112980769230769 0.2764423076923077 0.06009615384615385 0.1658653846153846
7 0.8269230769230769 0.36177884615384615 0.06610576923076923 0.1935096153846154
6 0.8377403846153846 0.4879807692307692 0.055288461538461536 0.1346153846153846
6 0.8064903846153846 0.20192307692307693 0.05048076923076923 0.1310096153846154
8 0.6334134615384616 0.19951923076923078 0.05889423076923077 0.14903846153846154
8 0.8317307692307693 0.5973557692307693 0.0673076923076923 0.15144230769230768
9 0.5480769230769231 0.7355769230769231 0.051682692307692304 0.1045673076923077
9 0.7391826923076923 0.6165865384615384 0.056490384615384616 0.10336538461538461
9 0.7355769230769231 0.5180288461538461 0.057692307692307696 0.10817307692307693
9 0.7247596153846154 0.4098557692307692 0.054086538461538464 0.0985576923076923
9 0.7223557692307693 0.3088942307692308 0.057692307692307696 0.09735576923076923
9 0.7199519230769231 0.22235576923076922 0.05048076923076923 0.09254807692307693
9 0.7139423076923077 0.13942307692307693 0.051682692307692304 0.09014423076923077
9 0.7139423076923077 0.05889423076923077 0.038461538461538464 0.09375
11 0.7920673076923077 0.052884615384615384 0.05048076923076923 0.10576923076923077
11 0.7451923076923077 0.7391826923076923 0.06129807692307692 0.13221153846153846