4 0.7836538461538461 0.2956730769230769 0.07451923076923077 0.16466346153846154
1 0.7884615384615384 0.3701923076923077 0.07451923076923077 0.18990384615384615
5 0.8389423076923077 0.734375 0.07451923076923077 0.13221153846153846
5 0.7391826923076923 0.0673076923076923 0.04447115384615385 0.109375
0 0.7536057692307693 0.21033653846153846 0.046875 0.13581730769230768
0 0.7091346153846154 0.6141826923076923 0.06129807692307692 0.13581730769230768
3 0.6598557692307693 0.06009615384615385 0.042067307692307696 0.09735576923076923
3 0.6766826923076923 0.22956730769230768 0.040865384615384616 0.0985576923076923
3 0.6658653846153846 0.14543269230769232 0.039663461538461536 0.09495192307692307
3 0.7103365384615384 0.5060096153846154 0.052884615384615384 0.09495192307692307
3 0.6983173076923077 0.40024038461538464 0.04326923076923077 0.10336538461538461
3 0.6442307692307693 0.7391826923076923 0.04807692307692308 0.1045673076923077
3 0.6189903846153846 0.6177884615384616 0.051682692307692304 0.109375
3 0.5168269230769231 0.3004807692307692 0.04447115384615385 0.09975961538461539
2 0.5901442307692307 0.1310096153846154 0.05048076923076923 0.12740384615384615
2 0.44471153846153844 0.38822115384615385 0.055288461538461536 0.14182692307692307
10 0.18870192307692307 0.27524038461538464 0.06129807692307692 0.16826923076923078
7 0.17307692307692307 0.3605769230769231 0.06490384615384616 0.1875
6 0.19471153846153846 0.20192307692307693 0.04807692307692308 0.13221153846153846
6 0.15985576923076922 0.4891826923076923 0.055288461538461536 0.1310096153846154
8 0.3641826923076923 0.20192307692307693 0.04807692307692308 0.14182692307692307
8 0.1658653846153846 0.6021634615384616 0.0673076923076923 0.140625
11 0.2548076923076923 0.7403846153846154 0.06009615384615385 0.13581730769230768
11 0.20793269230769232 0.052884615384615384 0.04326923076923077 0.10576923076923077
9 0.2848557692307692 0.056490384615384616 0.036057692307692304 0.09134615384615384
9 0.2860576923076923 0.13581730769230768 0.038461538461538464 0.08774038461538461
9 0.2824519230769231 0.22355769230769232 0.038461538461538464 0.09134615384615384
9 0.2764423076923077 0.3076923076923077 0.04326923076923077 0.0985576923076923
9 0.27524038461538464 0.4074519230769231 0.046875 0.09735576923076923
9 0.265625 0.5096153846153846 0.046875 0.10096153846153846
9 0.26322115384615385 0.6129807692307693 0.04927884615384615 0.1045673076923077
9 0.4483173076923077 0.734375 0.051682692307692304 0.11298076923076923