7 0.5564903846153846 0.9074519230769231 0.09615384615384616 0.1045673076923077
10 0.4411057692307692 0.9050480769230769 0.1141826923076923 0.10336538461538461
6 0.3293269230769231 0.90625 0.07932692307692307 0.09615384615384616
6 0.6742788461538461 0.9038461538461539 0.08173076923076923 0.09615384615384616
8 0.21514423076923078 0.90625 0.09615384615384616 0.0985576923076923
8 0.7884615384615384 0.9050480769230769 0.09254807692307693 0.09735576923076923
11 0.10216346153846154 0.9050480769230769 0.0889423076923077 0.10096153846153846
11 0.9026442307692307 0.90625 0.08653846153846154 0.09495192307692307
9 0.10096153846153846 0.7908653846153846 0.08173076923076923 0.10096153846153846
9 0.21514423076923078 0.7908653846153846 0.0889423076923077 0.09615384615384616
9 0.328125 0.7884615384615384 0.07572115384615384 0.10096153846153846
9 0.44350961538461536 0.7908653846153846 0.0889423076923077 0.09975961538461539
9 0.5600961538461539 0.7908653846153846 0.08653846153846154 0.09975961538461539
9 0.6730769230769231 0.7908653846153846 0.08413461538461539 0.09735576923076923
9 0.7884615384615384 0.7920673076923077 0.08533653846153846 0.09735576923076923
9 0.9074519230769231 0.7896634615384616 0.08653846153846154 0.10096153846153846
3 0.9014423076923077 0.21634615384615385 0.07932692307692307 0.09615384615384616
3 0.7860576923076923 0.21754807692307693 0.08413461538461539 0.09615384615384616
3 0.6730769230769231 0.21634615384615385 0.078125 0.0985576923076923
3 0.5600961538461539 0.21514423076923078 0.08653846153846154 0.09975961538461539
3 0.4411057692307692 0.21754807692307693 0.07572115384615384 0.09975961538461539
3 0.3293269230769231 0.21634615384615385 0.08533653846153846 0.09735576923076923
3 0.21514423076923078 0.21875 0.0829326923076923 0.09495192307692307
3 0.09975961538461539 0.21514423076923078 0.08413461538461539 0.09615384615384616
5 0.09975961538461539 0.10096153846153846 0.08653846153846154 0.0985576923076923
5 0.9050480769230769 0.09975961538461539 0.0889423076923077 0.09735576923076923
2 0.7896634615384616 0.10216346153846154 0.09134615384615384 0.09735576923076923
2 0.21634615384615385 0.10216346153846154 0.08653846153846154 0.09495192307692307
0 0.33052884615384615 0.10096153846153846 0.0829326923076923 0.09615384615384616
0 0.6754807692307693 0.10096153846153846 0.08413461538461539 0.09254807692307693
4 0.44711538461538464 0.09615384615384616 0.1141826923076923 0.1045673076923077
1 0.5588942307692307 0.09975961538461539 0.09735576923076923 0.09615384615384616