7 0.44350961538461536 0.9074519230769231 0.09615384615384616 0.1045673076923077
10 0.5588942307692307 0.9050480769230769 0.1141826923076923 0.10336538461538461
6 0.6706730769230769 0.90625 0.07932692307692307 0.09615384615384616
6 0.32572115384615385 0.9038461538461539 0.08173076923076923 0.09615384615384616
8 0.7848557692307693 0.90625 0.09615384615384616 0.0985576923076923
8 0.21153846153846154 0.9050480769230769 0.09254807692307693 0.09735576923076923
11 0.8978365384615384 0.9050480769230769 0.0889423076923077 0.10096153846153846
11 0.09735576923076923 0.90625 0.08653846153846154 0.09495192307692307
9 0.8990384615384616 0.7908653846153846 0.08173076923076923 0.10096153846153846
9 0.7848557692307693 0.7908653846153846 0.0889423076923077 0.09615384615384616
9 0.671875 0.7884615384615384 0.07572115384615384 0.10096153846153846
9 0.5564903846153846 0.7908653846153846 0.0889423076923077 0.09975961538461539
9 0.43990384615384615 0.7908653846153846 0.08653846153846154 0.09975961538461539
9 0.3269230769230769 0.7908653846153846 0.08413461538461539 0.09735576923076923
9 0.21153846153846154 0.7920673076923077 0.08533653846153846 0.09735576923076923
9 0.09254807692307693 0.7896634615384616 0.08653846153846154 0.10096153846153846
3 0.0985576923076923 0.21634615384615385 0.07932692307692307 0.09615384615384616
3 0.21394230769230768 0.21754807692307693 0.08413461538461539 0.09615384615384616
3 0.3269230769230769 0.21634615384615385 0.078125 0.0985576923076923
3 0.43990384615384615 0.21514423076923078 0.08653846153846154 0.09975961538461539
3 0.5588942307692307 0.21754807692307693 0.07572115384615384 0.09975961538461539
3 0.6706730769230769 0.21634615384615385 0.08533653846153846 0.09735576923076923
3 0.7848557692307693 0.21875 0.0829326923076923 0.09495192307692307
3 0.9002403846153846 0.21514423076923078 0.08413461538461539 0.09615384615384616
5 0.9002403846153846 0.10096153846153846 0.08653846153846154 0.0985576923076923
5 0.09495192307692307 0.09975961538461539 0.0889423076923077 0.09735576923076923
2 0.21033653846153846 0.10216346153846154 0.09134615384615384 0.09735576923076923
2 0.7836538461538461 0.10216346153846154 0.08653846153846154 0.09495192307692307
0 0.6694711538461539 0.10096153846153846 0.0829326923076923 0.09615384615384616
0 0.3245192307692308 0.10096153846153846 0.08413461538461539 0.09254807692307693
4 0.5528846153846154 0.09615384615384616 0.1141826923076923 0.1045673076923077
1 0.4411057692307692 0.09975961538461539 0.09735576923076923 0.09615384615384616