5 0.9278846153846154 0.07091346153846154 0.09134615384615384 0.11298076923076923
5 0.07211538461538461 0.06850961538461539 0.10216346153846154 0.11778846153846154
2 0.8064903846153846 0.06850961538461539 0.11057692307692307 0.11778846153846154
2 0.19230769230769232 0.06971153846153846 0.11298076923076923 0.11177884615384616
0 0.6875 0.06850961538461539 0.10336538461538461 0.11778846153846154
0 0.3173076923076923 0.06490384615384616 0.09975961538461539 0.11057692307692307
4 0.5649038461538461 0.06850961538461539 0.11658653846153846 0.109375
1 0.43990384615384615 0.06850961538461539 0.10576923076923077 0.10697115384615384
3 0.9290865384615384 0.19471153846153846 0.08173076923076923 0.10576923076923077
3 0.8088942307692307 0.1935096153846154 0.08173076923076923 0.10576923076923077
3 0.6850961538461539 0.1935096153846154 0.08052884615384616 0.10336538461538461
3 0.5637019230769231 0.1935096153846154 0.0829326923076923 0.10336538461538461
3 0.4411057692307692 0.1935096153846154 0.078125 0.10216346153846154
3 0.31971153846153844 0.19471153846153846 0.07932692307692307 0.10216346153846154
3 0.19591346153846154 0.1935096153846154 0.08653846153846154 0.09975961538461539
3 0.07211538461538461 0.1935096153846154 0.08173076923076923 0.10336538461538461
9 0.9278846153846154 0.8040865384615384 0.07932692307692307 0.1045673076923077
9 0.8052884615384616 0.8064903846153846 0.078125 0.10336538461538461
9 0.6850961538461539 0.8064903846153846 0.08774038461538461 0.10576923076923077
9 0.5612980769230769 0.8040865384615384 0.09134615384615384 0.10817307692307693
9 0.4375 0.8040865384615384 0.09014423076923077 0.10817307692307693
9 0.3137019230769231 0.8040865384615384 0.08653846153846154 0.10817307692307693
9 0.19110576923076922 0.8040865384615384 0.09254807692307693 0.11177884615384616
9 0.06850961538461539 0.8064903846153846 0.08653846153846154 0.10336538461538461
11 0.07091346153846154 0.9290865384615384 0.0829326923076923 0.10216346153846154
11 0.9290865384615384 0.9242788461538461 0.078125 0.1045673076923077
8 0.8064903846153846 0.9278846153846154 0.10096153846153846 0.10096153846153846
8 0.19471153846153846 0.9266826923076923 0.0985576923076923 0.09975961538461539
6 0.6875 0.9278846153846154 0.09615384615384616 0.109375
6 0.3173076923076923 0.9242788461538461 0.09975961538461539 0.10817307692307693
7 0.4411057692307692 0.9254807692307693 0.09975961538461539 0.1045673076923077
10 0.5612980769230769 0.9278846153846154 0.12139423076923077 0.1045673076923077