1 0.4375 0.06610576923076923 0.11177884615384616 0.11658653846153846
4 0.5600961538461539 0.06971153846153846 0.10576923076923077 0.10817307692307693
0 0.6838942307692307 0.06971153846153846 0.0829326923076923 0.11658653846153846
0 0.3137019230769231 0.06610576923076923 0.09375 0.11538461538461539
2 0.19471153846153846 0.06490384615384616 0.09735576923076923 0.1141826923076923
2 0.8052884615384616 0.0673076923076923 0.10216346153846154 0.11538461538461539
5 0.9254807692307693 0.06850961538461539 0.08533653846153846 0.11177884615384616
5 0.06850961538461539 0.06971153846153846 0.09375 0.10817307692307693
3 0.06971153846153846 0.1971153846153846 0.08173076923076923 0.09735576923076923
3 0.19110576923076922 0.1971153846153846 0.08533653846153846 0.0985576923076923
3 0.31490384615384615 0.19591346153846154 0.08052884615384616 0.10216346153846154
3 0.4362980769230769 0.1971153846153846 0.0829326923076923 0.10576923076923077
3 0.5600961538461539 0.19471153846153846 0.08774038461538461 0.10697115384615384
3 0.6802884615384616 0.19591346153846154 0.0829326923076923 0.0985576923076923
3 0.8016826923076923 0.19831730769230768 0.08052884615384616 0.09975961538461539
3 0.9242788461538461 0.19951923076923078 0.078125 0.09735576923076923
9 0.06850961538461539 0.8137019230769231 0.07211538461538461 0.0985576923076923
9 0.19110576923076922 0.8112980769230769 0.078125 0.10336538461538461
9 0.3137019230769231 0.8137019230769231 0.08052884615384616 0.09615384615384616
9 0.4387019230769231 0.8137019230769231 0.078125 0.10216346153846154
9 0.5576923076923077 0.8100961538461539 0.08052884615384616 0.10096153846153846
9 0.6814903846153846 0.8125 0.0829326923076923 0.10216346153846154
9 0.8004807692307693 0.8112980769230769 0.0829326923076923 0.10096153846153846
9 0.9254807692307693 0.8137019230769231 0.08052884615384616 0.09615384615384616
11 0.07091346153846154 0.9314903846153846 0.08413461538461539 0.10216346153846154
11 0.9266826923076923 0.9326923076923077 0.08052884615384616 0.10336538461538461
8 0.8028846153846154 0.9314903846153846 0.09375 0.10576923076923077
8 0.19110576923076922 0.9302884615384616 0.09375 0.11298076923076923
6 0.3173076923076923 0.9302884615384616 0.08653846153846154 0.11298076923076923
6 0.6826923076923077 0.9278846153846154 0.08173076923076923 0.11057692307692307
10 0.5576923076923077 0.9254807692307693 0.109375 0.109375
7 0.43509615384615385 0.9314903846153846 0.10336538461538461 0.11177884615384616